# relative_time, cycles_done, cur_item, corpus_count, pending_total, pending_favs, map_size, saved_crashes, saved_hangs, max_depth, execs_per_sec, total_execs, edges_found
62, 0, 122, 239, 101, 0, 5.33%, 0, 2, 15, 2990.45, 178058, 2663
67, 0, 144, 245, 100, 0, 5.34%, 0, 2, 15, 3210.67, 194070, 2672
72, 0, 55, 247, 99, 0, 5.34%, 0, 2, 15, 3208.15, 211024, 2672
77, 0, 34, 249, 97, 0, 5.35%, 0, 2, 15, 3327.68, 226163, 2673
82, 0, 67, 253, 97, 0, 5.35%, 0, 2, 15, 3332.75, 243039, 2677
88, 0, 66, 254, 94, 0, 5.35%, 0, 2, 15, 3108.59, 257252, 2677
93, 1, 153, 255, 90, 0, 5.35%, 0, 2, 15, 3510.53, 275749, 2677
98, 1, 154, 255, 85, 0, 5.35%, 0, 2, 15, 3121.38, 290158, 2677
103, 1, 232, 255, 78, 0, 5.35%, 0, 2, 15, 3273.92, 306909, 2677
108, 1, 117, 256, 72, 0, 5.35%, 0, 2, 15, 3280.47, 322065, 2677
113, 1, 160, 258, 68, 0, 5.35%, 0, 2, 15, 3275.55, 338556, 2677
118, 1, 179, 260, 65, 0, 5.36%, 0, 2, 15, 3003.59, 353829, 2678
123, 1, 82, 264, 63, 0, 5.36%, 0, 2, 15, 3647.64, 370057, 2679
128, 1, 81, 265, 60, 0, 5.36%, 0, 2, 15, 2965.29, 385037, 2679
133, 1, 253, 267, 55, 0, 5.36%, 0, 2, 15, 3232.33, 401491, 2679
138, 1, 254, 279, 64, 2, 5.36%, 0, 2, 15, 3105.72, 417274, 2681
143, 1, 109, 280, 58, 0, 5.36%, 0, 2, 15, 3150.34, 432770, 2681
149, 1, 199, 282, 55, 0, 5.36%, 0, 2, 15, 3344.37, 450056, 2682
154, 1, 228, 283, 55, 0, 5.36%, 0, 2, 15, 3225.00, 460672, 2682
159, 1, 282, 283, 51, 0, 5.36%, 0, 2, 15, 3334.65, 478037, 2682
164, 1, 280, 283, 48, 0, 5.36%, 0, 2, 15, 3567.95, 492428, 2682
169, 1, 244, 289, 51, 0, 5.36%, 0, 2, 15, 3301.29, 509212, 2682
174, 2, 161, 290, 46, 0, 5.37%, 0, 2, 15, 3330.33, 524116, 2683
179, 2, 288, 294, 42, 0, 5.38%, 0, 2, 16, 3224.72, 540748, 2690
185, 2, 127, 297, 41, 0, 5.38%, 0, 2, 16, 2869.54, 555047, 2691
192, 2, 189, 297, 41, 0, 5.38%, 0, 2, 16, 1.06, 559015, 2691
197, 2, 83, 300, 41, 0, 5.38%, 0, 2, 16, 3680.83, 574120, 2691
202, 2, 83, 300, 37, 0, 5.38%, 0, 2, 16, 3276.42, 590018, 2691
207, 2, 244, 301, 36, 0, 5.38%, 0, 2, 16, 3106.76, 605839, 2692
212, 2, 162, 302, 35, 0, 5.38%, 0, 2, 16, 3203.35, 622422, 2692
217, 2, 172, 306, 36, 0, 5.39%, 0, 2, 16, 1773.04, 639106, 2693
223, 2, 144, 313, 38, 0, 5.42%, 0, 2, 16, 2878.46, 655034, 2712
229, 2, 298, 317, 39, 0, 5.42%, 0, 2, 16, 158.33, 670038, 2712
234, 2, 118, 318, 37, 0, 5.43%, 0, 2, 16, 3378.35, 685627, 2713
239, 2, 213, 319, 35, 0, 5.43%, 0, 2, 16, 3220.44, 701871, 2713
244, 2, 158, 321, 35, 0, 5.43%, 0, 2, 16, 3143.78, 717030, 2714
249, 2, 281, 324, 32, 0, 5.43%, 0, 2, 16, 3384.62, 734588, 2714
248, 2, 281, 324, 32, 0, 5.43%, 0, 2, 16, 0.00, 734688, 2714
254, 2, 323, 328, 36, 0, 5.43%, 0, 2, 16, 3017.42, 749564, 2714
259, 2, 170, 329, 34, 0, 5.43%, 0, 2, 16, 3211.88, 766403, 2714
264, 2, 289, 329, 33, 0, 5.43%, 0, 2, 16, 3464.27, 781183, 2714
269, 3, 170, 329, 32, 0, 5.43%, 0, 2, 16, 3305.82, 798206, 2714
274, 3, 268, 329, 31, 0, 5.43%, 0, 2, 16, 861.13, 808020, 2714
279, 3, 329, 333, 33, 0, 5.43%, 0, 2, 16, 1240.43, 815027, 2714
284, 3, 330, 333, 31, 0, 5.43%, 0, 2, 16, 1357.64, 822342, 2714
289, 3, 334, 335, 31, 2, 5.43%, 0, 2, 16, 1481.32, 829335, 2717
294, 3, 335, 338, 31, 2, 5.44%, 0, 2, 16, 1330.89, 835682, 2720
299, 3, 176, 338, 28, 0, 5.44%, 0, 2, 16, 1257.92, 841825, 2720
305, 3, 183, 339, 28, 0, 5.44%, 0, 2, 16, 1368.87, 849031, 2720
310, 3, 291, 339, 28, 0, 5.44%, 0, 2, 16, 1535.94, 855024, 2720
315, 3, 226, 340, 29, 0, 5.44%, 0, 2, 16, 1299.26, 862717, 2720
320, 3, 200, 341, 27, 0, 5.44%, 0, 2, 16, 1256.89, 869036, 2720
325, 3, 179, 342, 26, 0, 5.44%, 0, 2, 16, 1295.47, 875714, 2720
330, 3, 68, 342, 26, 0, 5.44%, 0, 2, 16, 1462.52, 882330, 2720
335, 3, 281, 342, 25, 0, 5.44%, 0, 2, 16, 1395.10, 889340, 2720
341, 3, 168, 342, 25, 0, 5.44%, 0, 2, 16, 21.74, 896019, 2720
346, 3, 223, 343, 26, 0, 5.44%, 0, 2, 16, 1470.01, 902805, 2721
351, 3, 178, 344, 26, 0, 5.45%, 0, 2, 16, 1487.56, 909335, 2723
356, 3, 331, 345, 26, 0, 5.45%, 0, 4, 17, 1431.63, 912419, 2723
361, 3, 321, 345, 25, 0, 5.45%, 0, 4, 17, 1330.08, 919027, 2723
366, 3, 311, 346, 24, 0, 5.45%, 0, 4, 17, 1351.12, 925766, 2724
371, 3, 336, 348, 23, 0, 5.45%, 0, 4, 17, 1362.62, 932667, 2727
376, 3, 50, 349, 24, 0, 5.45%, 0, 4, 17, 1152.71, 940030, 2727
382, 3, 81, 351, 25, 0, 5.46%, 0, 4, 17, 1299.10, 947020, 2728
387, 3, 252, 353, 27, 0, 5.46%, 0, 4, 17, 1343.76, 953675, 2728
392, 3, 316, 354, 27, 0, 5.46%, 0, 4, 17, 1349.10, 960469, 2728
397, 3, 320, 355, 26, 0, 5.46%, 0, 4, 17, 1333.39, 967021, 2728
402, 3, 351, 357, 27, 0, 5.46%, 0, 4, 17, 1330.43, 973812, 2728
407, 3, 312, 358, 26, 0, 5.46%, 0, 4, 17, 1306.10, 980359, 2728
412, 3, 205, 360, 26, 0, 5.46%, 0, 4, 17, 1388.96, 987990, 2728
417, 3, 257, 360, 23, 0, 5.46%, 0, 4, 17, 1565.81, 994658, 2728
422, 3, 237, 361, 22, 0, 5.46%, 0, 4, 17, 1384.16, 1001473, 2728
428, 3, 261, 361, 22, 0, 5.46%, 0, 4, 17, 1465.00, 1008319, 2728
433, 3, 352, 361, 22, 0, 5.46%, 0, 4, 17, 19.67, 1011025, 2728
438, 3, 209, 361, 21, 0, 5.46%, 0, 4, 17, 1383.69, 1018022, 2728
443, 3, 148, 362, 22, 0, 5.46%, 0, 4, 17, 1542.92, 1022959, 2728
448, 3, 335, 362, 22, 0, 5.46%, 0, 4, 17, 1414.46, 1029785, 2728
453, 3, 312, 362, 22, 0, 5.46%, 0, 4, 17, 1350.30, 1036421, 2728
458, 3, 281, 362, 22, 0, 5.46%, 0, 4, 17, 1383.66, 1043391, 2728
463, 3, 280, 362, 21, 0, 5.46%, 0, 4, 17, 1327.48, 1049953, 2728
469, 3, 312, 362, 21, 0, 5.46%, 0, 4, 17, 1353.69, 1057046, 2728
474, 3, 345, 362, 21, 0, 5.46%, 0, 4, 17, 1280.22, 1064343, 2728
479, 3, 327, 362, 20, 0, 5.46%, 0, 4, 17, 1343.45, 1071178, 2728
484, 4, 312, 363, 20, 0, 5.46%, 0, 4, 17, 1373.25, 1078021, 2728
489, 4, 242, 363, 20, 0, 5.46%, 0, 4, 17, 1381.99, 1081819, 2728
494, 4, 122, 364, 19, 0, 5.46%, 0, 4, 17, 1381.60, 1088812, 2728
499, 4, 204, 365, 18, 0, 5.46%, 0, 4, 17, 1434.43, 1094790, 2728
504, 4, 208, 365, 17, 0, 5.46%, 0, 4, 17, 1513.18, 1102658, 2728
509, 4, 172, 365, 16, 0, 5.46%, 0, 4, 17, 1450.22, 1109688, 2728
514, 4, 247, 365, 16, 0, 5.46%, 0, 4, 17, 1430.04, 1116820, 2728
520, 4, 267, 365, 15, 0, 5.46%, 0, 4, 17, 1374.35, 1123036, 2728
525, 4, 56, 368, 18, 0, 5.46%, 0, 4, 17, 1365.66, 1130030, 2728
530, 4, 211, 368, 17, 0, 5.46%, 0, 4, 17, 1326.84, 1136728, 2728
535, 4, 366, 373, 22, 0, 5.46%, 0, 4, 17, 1384.62, 1143730, 2729
534, 4, 366, 373, 22, 0, 5.46%, 0, 4, 17, 0.00, 1143811, 2729
539, 4, 134, 373, 19, 0, 5.46%, 0, 4, 17, 1208.89, 1150024, 2729
545, 4, 170, 373, 19, 0, 5.46%, 0, 4, 17, 1360.91, 1157014, 2729
550, 4, 49, 374, 19, 0, 5.46%, 0, 4, 17, 1344.92, 1164041, 2729
555, 4, 312, 374, 19, 0, 5.46%, 0, 4, 17, 1371.25, 1170690, 2729
560, 4, 241, 374, 18, 0, 5.46%, 0, 4, 17, 1351.10, 1177488, 2729
565, 4, 218, 375, 19, 0, 5.46%, 0, 4, 17, 1322.23, 1183961, 2729
570, 4, 300, 375, 19, 0, 5.46%, 0, 4, 17, 1451.79, 1192017, 2729
575, 4, 209, 375, 18, 0, 5.46%, 0, 4, 17, 1500.79, 1198705, 2729
580, 4, 345, 375, 18, 0, 5.46%, 0, 4, 17, 1412.20, 1205803, 2729
586, 4, 166, 375, 17, 0, 5.46%, 0, 4, 17, 1414.27, 1212029, 2729
591, 4, 249, 375, 16, 0, 5.46%, 0, 4, 17, 1396.32, 1218993, 2729
596, 4, 375, 376, 16, 1, 5.46%, 0, 4, 17, 1366.76, 1225358, 2730
601, 4, 218, 376, 15, 0, 5.46%, 0, 4, 17, 1148.72, 1232770, 2730
606, 4, 223, 376, 13, 0, 5.46%, 0, 4, 17, 1289.74, 1239630, 2730
611, 4, 307, 378, 15, 0, 5.46%, 0, 4, 17, 1368.52, 1246550, 2730
616, 4, 373, 379, 15, 0, 5.46%, 0, 4, 17, 1340.68, 1253360, 2730
621, 4, 318, 380, 15, 0, 5.46%, 0, 4, 17, 1354.08, 1260105, 2730
626, 4, 214, 380, 15, 0, 5.46%, 0, 4, 17, 1398.44, 1267333, 2730
631, 4, 267, 381, 16, 0, 5.46%, 0, 4, 17, 1167.57, 1274698, 2730
636, 4, 144, 381, 16, 0, 5.46%, 0, 4, 17, 1315.74, 1281474, 2730
642, 4, 193, 381, 16, 0, 5.46%, 0, 4, 17, 1307.77, 1288027, 2730
647, 4, 145, 381, 16, 0, 5.46%, 0, 4, 17, 1376.67, 1294999, 2730
652, 4, 380, 384, 19, 0, 5.46%, 0, 4, 17, 1198.21, 1301012, 2730
657, 4, 380, 386, 21, 0, 5.46%, 0, 4, 17, 978.03, 1304890, 2732
662, 4, 380, 387, 22, 0, 5.46%, 0, 4, 17, 948.33, 1309652, 2732
661, 4, 380, 387, 22, 0, 5.46%, 0, 4, 17, 0.00, 1309778, 2732
667, 4, 380, 387, 22, 0, 5.46%, 0, 4, 17, 30.76, 1311034, 2732
673, 4, 293, 387, 20, 0, 5.46%, 0, 4, 17, 1353.23, 1318028, 2732
678, 4, 279, 387, 19, 0, 5.46%, 0, 4, 17, 1385.15, 1325047, 2732
683, 4, 318, 387, 18, 0, 5.46%, 0, 4, 17, 124.16, 1332035, 2732
688, 4, 179, 387, 18, 0, 5.46%, 0, 4, 17, 1483.58, 1336719, 2732
693, 4, 288, 388, 17, 0, 5.48%, 0, 4, 17, 1404.28, 1343908, 2739
698, 4, 200, 388, 17, 0, 5.48%, 0, 4, 17, 1601.06, 1350793, 2739
703, 4, 134, 388, 16, 0, 5.48%, 0, 4, 17, 1243.10, 1357051, 2739
709, 4, 178, 388, 16, 0, 5.48%, 0, 4, 17, 1314.37, 1363377, 2739
714, 4, 335, 388, 16, 0, 5.48%, 0, 4, 17, 1334.96, 1370021, 2739
719, 4, 237, 388, 16, 0, 5.48%, 0, 4, 17, 237.04, 1376030, 2739
724, 4, 83, 388, 16, 0, 5.48%, 0, 4, 17, 1422.63, 1383080, 2739
729, 5, 349, 390, 18, 0, 5.48%, 0, 4, 17, 1264.83, 1390731, 2739
734, 5, 179, 390, 16, 0, 5.48%, 0, 4, 17, 1388.64, 1397915, 2739
739, 5, 51, 390, 16, 0, 5.48%, 0, 4, 17, 1452.74, 1404328, 2739
744, 5, 291, 391, 17, 0, 5.48%, 0, 4, 17, 1382.84, 1410964, 2739
749, 5, 381, 391, 17, 0, 5.48%, 0, 4, 17, 1302.80, 1417703, 2739
755, 5, 172, 391, 15, 0, 5.48%, 0, 4, 17, 1447.16, 1424539, 2739
760, 5, 168, 391, 15, 0, 5.48%, 0, 4, 17, 1390.89, 1431395, 2739
765, 5, 200, 391, 15, 0, 5.48%, 0, 4, 17, 1374.87, 1438092, 2739
770, 5, 54, 391, 14, 0, 5.48%, 0, 4, 17, 1377.31, 1445112, 2739
775, 5, 179, 391, 14, 0, 5.48%, 0, 4, 17, 1439.12, 1452387, 2739
780, 5, 51, 392, 15, 0, 5.48%, 0, 4, 17, 1401.56, 1459535, 2739
785, 5, 387, 392, 15, 0, 5.48%, 0, 4, 17, 1301.43, 1466035, 2739
791, 5, 321, 392, 15, 0, 5.48%, 0, 4, 17, 1449.19, 1473451, 2739
796, 5, 350, 392, 15, 0, 5.48%, 0, 4, 17, 1322.02, 1480014, 2739
801, 5, 377, 394, 16, 0, 5.48%, 0, 4, 17, 1447.87, 1482511, 2739
806, 5, 134, 394, 15, 0, 5.48%, 0, 4, 17, 1375.02, 1489359, 2739
811, 5, 193, 394, 15, 0, 5.48%, 0, 4, 17, 1416.85, 1496272, 2739
816, 5, 328, 400, 21, 0, 5.48%, 0, 4, 17, 1316.12, 1503055, 2739
821, 5, 401, 404, 24, 0, 5.48%, 0, 4, 17, 1395.53, 1510075, 2739
826, 5, 401, 405, 25, 0, 5.48%, 0, 4, 17, 1359.09, 1517004, 2739
831, 5, 307, 405, 23, 0, 5.48%, 0, 4, 17, 1411.40, 1523479, 2739
837, 5, 308, 405, 22, 0, 5.48%, 0, 4, 17, 1377.54, 1530442, 2739
842, 5, 403, 406, 23, 0, 5.48%, 0, 4, 17, 1346.65, 1537093, 2739
847, 5, 168, 406, 22, 0, 5.48%, 0, 4, 17, 1375.05, 1544084, 2739
852, 5, 382, 406, 20, 0, 5.48%, 0, 4, 17, 1361.38, 1551057, 2739
857, 5, 386, 406, 19, 0, 5.48%, 0, 4, 17, 1118.64, 1557539, 2739
862, 5, 361, 407, 18, 0, 5.48%, 0, 4, 17, 1242.60, 1564042, 2739
867, 5, 82, 407, 17, 0, 5.48%, 0, 4, 17, 1349.47, 1571007, 2739
872, 5, 223, 408, 18, 0, 5.48%, 0, 4, 17, 1438.08, 1577667, 2739
878, 5, 226, 408, 18, 0, 5.48%, 0, 4, 17, 1347.83, 1584369, 2739
883, 5, 345, 408, 17, 0, 5.48%, 0, 4, 17, 1295.08, 1591043, 2739
888, 5, 51, 408, 17, 0, 5.48%, 0, 4, 17, 1338.86, 1598672, 2739
893, 5, 308, 408, 15, 0, 5.48%, 0, 4, 17, 1225.92, 1605033, 2739
898, 5, 94, 409, 15, 0, 5.48%, 0, 4, 17, 1351.47, 1611433, 2740
903, 5, 288, 410, 15, 0, 5.48%, 0, 4, 17, 1440.62, 1618688, 2740
908, 5, 407, 412, 16, 0, 5.48%, 0, 4, 17, 1337.25, 1624875, 2740
914, 5, 333, 414, 16, 0, 5.48%, 0, 4, 17, 1344.83, 1631806, 2740
919, 5, 214, 414, 16, 0, 5.48%, 0, 4, 17, 1281.97, 1638141, 2740
924, 5, 198, 415, 16, 0, 5.48%, 0, 4, 17, 1306.94, 1645054, 2740
929, 5, 170, 415, 16, 0, 5.48%, 0, 4, 17, 1307.31, 1651676, 2740
934, 5, 397, 415, 15, 0, 5.48%, 0, 4, 17, 1288.48, 1658231, 2740
939, 5, 406, 415, 15, 0, 5.48%, 0, 4, 17, 909.18, 1663038, 2740
944, 5, 189, 416, 15, 0, 5.48%, 0, 4, 17, 1072.91, 1667645, 2740
950, 5, 289, 417, 15, 0, 5.49%, 0, 4, 17, 111.54, 1675042, 2743
955, 5, 36, 417, 14, 0, 5.49%, 0, 4, 17, 1442.25, 1682125, 2743
960, 5, 166, 417, 13, 0, 5.49%, 0, 4, 17, 1277.65, 1688642, 2743
965, 5, 400, 417, 12, 0, 5.49%, 0, 4, 17, 1299.88, 1695134, 2743
970, 5, 81, 418, 12, 0, 5.49%, 0, 4, 17, 1377.14, 1702189, 2743
975, 5, 385, 418, 11, 0, 5.49%, 0, 4, 17, 1470.68, 1708675, 2743
980, 6, 345, 418, 11, 0, 5.49%, 0, 4, 17, 1349.55, 1715116, 2743
980, 6, 375, 418, 11, 0, 5.49%, 0, 4, 17, 0.00, 1715758, 2743
986, 6, 145, 419, 11, 0, 5.49%, 0, 4, 17, 146.74, 1721033, 2743
992, 6, 148, 419, 11, 0, 5.49%, 0, 4, 17, 1390.62, 1724340, 2743
997, 6, 288, 420, 11, 0, 5.49%, 0, 4, 18, 1352.34, 1730852, 2744
1002, 6, 189, 420, 11, 0, 5.49%, 0, 4, 18, 1373.41, 1737843, 2744
1011, 6, 318, 421, 11, 0, 5.49%, 0, 5, 18, 43.36, 1744043, 2744
1016, 6, 52, 421, 10, 0, 5.49%, 0, 5, 18, 1416.47, 1751363, 2744
1021, 6, 279, 422, 10, 0, 5.49%, 0, 5, 18, 1338.13, 1758040, 2745
1026, 6, 209, 424, 11, 0, 5.49%, 0, 5, 18, 1294.47, 1764534, 2745
1032, 6, 130, 424, 11, 0, 5.49%, 0, 5, 18, 1345.84, 1771008, 2745
1037, 6, 308, 425, 10, 0, 5.49%, 0, 5, 18, 1401.51, 1777973, 2745
1043, 6, 262, 425, 10, 0, 5.49%, 0, 5, 18, 9.85, 1783067, 2745
1048, 6, 333, 425, 10, 0, 5.49%, 0, 5, 18, 1412.48, 1790841, 2745
1054, 6, 281, 425, 10, 0, 5.49%, 0, 5, 18, 1366.22, 1797524, 2745
1059, 6, 247, 425, 10, 0, 5.49%, 0, 5, 18, 1370.72, 1804511, 2745
1064, 6, 84, 425, 10, 0, 5.49%, 0, 5, 18, 1322.46, 1810817, 2745
1069, 6, 416, 425, 9, 0, 5.49%, 0, 5, 18, 1344.68, 1817649, 2745
1074, 6, 258, 425, 9, 0, 5.49%, 0, 5, 18, 1388.54, 1824778, 2745
1079, 6, 52, 425, 8, 0, 5.49%, 0, 5, 18, 1481.72, 1832407, 2745
1084, 6, 32, 426, 8, 0, 5.49%, 0, 5, 18, 1328.78, 1838803, 2745
1089, 6, 412, 426, 7, 0, 5.49%, 0, 5, 18, 1293.45, 1844785, 2745
1094, 6, 166, 426, 6, 0, 5.49%, 0, 5, 18, 1402.64, 1851415, 2745
1100, 6, 183, 426, 6, 0, 5.49%, 0, 5, 18, 1367.06, 1858054, 2745
1105, 6, 291, 426, 6, 0, 5.49%, 0, 5, 18, 1360.46, 1865042, 2745
1110, 6, 415, 426, 6, 0, 5.49%, 0, 5, 18, 171.12, 1871081, 2745
1115, 6, 415, 426, 6, 0, 5.49%, 0, 5, 18, 171.57, 1871948, 2745
1120, 6, 298, 426, 5, 0, 5.49%, 0, 5, 18, 1050.99, 1874365, 2745
1125, 6, 152, 426, 5, 0, 5.49%, 0, 5, 18, 1275.46, 1881271, 2745
1130, 6, 361, 426, 5, 0, 5.49%, 0, 5, 18, 1228.94, 1887054, 2745
1135, 6, 81, 427, 6, 0, 5.49%, 0, 5, 18, 1345.45, 1894241, 2745
1140, 6, 307, 427, 6, 0, 5.49%, 0, 5, 18, 1409.10, 1901186, 2745
1145, 6, 237, 427, 5, 0, 5.49%, 0, 5, 18, 1371.82, 1908187, 2745
1151, 6, 280, 427, 5, 0, 5.49%, 0, 5, 18, 1439.41, 1914985, 2745
1156, 6, 81, 427, 5, 0, 5.49%, 0, 5, 18, 1398.01, 1922052, 2745
1161, 6, 291, 427, 5, 0, 5.49%, 0, 5, 18, 1423.42, 1929381, 2745
1170, 6, 373, 427, 5, 0, 5.49%, 0, 5, 18, 7.07, 1931057, 2745
1175, 6, 307, 427, 5, 0, 5.49%, 0, 5, 18, 1403.09, 1937396, 2745
1181, 6, 256, 427, 5, 0, 5.49%, 0, 5, 18, 1391.15, 1944394, 2745
1192, 6, 226, 427, 5, 0, 5.49%, 0, 5, 18, 3.91, 1950075, 2745
1197, 6, 288, 427, 5, 0, 5.49%, 0, 5, 18, 1457.72, 1956296, 2745
1202, 6, 258, 427, 4, 0, 5.49%, 0, 5, 18, 1395.43, 1963217, 2745
1207, 6, 83, 427, 4, 0, 5.49%, 0, 5, 18, 1369.66, 1971389, 2745
1212, 6, 170, 427, 4, 0, 5.49%, 0, 5, 18, 1374.74, 1978411, 2745
1217, 6, 291, 427, 4, 0, 5.49%, 0, 5, 18, 1395.45, 1985109, 2745
1222, 6, 416, 427, 4, 0, 5.49%, 0, 5, 18, 1365.11, 1991966, 2745
1227, 6, 222, 427, 4, 0, 5.49%, 0, 5, 18, 1502.60, 1998634, 2745
1233, 6, 350, 427, 4, 0, 5.49%, 0, 5, 18, 63.43, 2001068, 2745
1238, 6, 385, 427, 4, 0, 5.49%, 0, 5, 18, 1480.00, 2008366, 2745
1244, 6, 280, 428, 5, 0, 5.49%, 0, 5, 18, 1481.55, 2012491, 2745
1249, 6, 214, 428, 5, 0, 5.49%, 0, 5, 18, 1429.63, 2019677, 2745
1254, 6, 204, 428, 5, 0, 5.49%, 0, 5, 18, 1320.96, 2025990, 2745
1259, 7, 208, 428, 5, 0, 5.49%, 0, 5, 18, 1335.21, 2032817, 2745
1264, 7, 281, 428, 5, 0, 5.49%, 0, 5, 18, 1448.25, 2039635, 2745
1269, 7, 132, 428, 5, 0, 5.49%, 0, 5, 18, 1401.82, 2047061, 2745
1274, 7, 251, 428, 5, 0, 5.49%, 0, 5, 18, 1370.24, 2053726, 2745
1280, 7, 129, 428, 5, 0, 5.49%, 0, 5, 18, 1424.44, 2061066, 2745
1286, 7, 54, 428, 5, 0, 5.49%, 0, 5, 18, 158.48, 2067063, 2745
1291, 7, 72, 428, 5, 0, 5.49%, 0, 5, 18, 1563.77, 2068856, 2745
1297, 7, 168, 429, 6, 0, 5.49%, 0, 5, 18, 36.99, 2074095, 2745
1302, 7, 296, 429, 6, 0, 5.49%, 0, 5, 18, 1361.85, 2081835, 2745
1307, 7, 392, 430, 7, 0, 5.49%, 0, 5, 18, 1014.36, 2086879, 2745
1312, 7, 373, 430, 6, 0, 5.49%, 0, 5, 18, 1145.88, 2091906, 2745
1317, 7, 129, 430, 6, 0, 5.49%, 0, 5, 18, 1298.96, 2098075, 2745
1323, 7, 428, 434, 10, 0, 5.49%, 0, 5, 18, 1342.05, 2105090, 2745
1328, 7, 405, 434, 9, 0, 5.49%, 0, 5, 18, 1314.42, 2111694, 2745
1333, 7, 237, 435, 10, 0, 5.49%, 0, 5, 18, 1412.07, 2119195, 2745
1338, 7, 55, 436, 11, 0, 5.49%, 0, 5, 18, 1313.83, 2126085, 2745
1343, 7, 276, 436, 11, 0, 5.49%, 0, 5, 18, 1703.65, 2130856, 2745
1348, 7, 286, 436, 10, 0, 5.49%, 0, 5, 18, 1471.49, 2138068, 2745
1354, 7, 304, 437, 11, 0, 5.49%, 0, 5, 18, 1449.52, 2144529, 2745
1359, 7, 65, 437, 11, 0, 5.49%, 0, 5, 18, 1367.88, 2151473, 2745
1364, 7, 193, 437, 9, 0, 5.49%, 0, 5, 18, 1058.64, 2158570, 2745
1369, 7, 129, 437, 9, 0, 5.49%, 0, 5, 18, 1299.10, 2165388, 2745
1374, 7, 67, 437, 9, 0, 5.49%, 0, 5, 18, 1489.73, 2171088, 2745
1379, 7, 420, 437, 9, 0, 5.49%, 0, 5, 18, 1378.39, 2177995, 2745
1384, 7, 416, 437, 8, 0, 5.49%, 0, 5, 18, 1565.41, 2183700, 2745
1389, 7, 427, 437, 8, 0, 5.49%, 0, 5, 18, 1421.76, 2190685, 2745
1394, 7, 291, 437, 7, 0, 5.49%, 0, 5, 18, 741.99, 2197653, 2745
1399, 7, 241, 437, 7, 0, 5.49%, 0, 5, 18, 1296.25, 2204729, 2745
1404, 7, 247, 437, 6, 0, 5.49%, 0, 5, 18, 1304.42, 2211390, 2745
1409, 7, 421, 437, 6, 0, 5.49%, 0, 5, 18, 1345.31, 2218074, 2745
1414, 7, 324, 437, 5, 0, 5.49%, 0, 5, 18, 1362.75, 2225020, 2745
1420, 7, 151, 437, 5, 0, 5.49%, 0, 5, 18, 67.56, 2229073, 2745
1425, 7, 320, 437, 5, 0, 5.49%, 0, 5, 18, 1428.89, 2236711, 2745
1430, 7, 430, 437, 5, 0, 5.49%, 0, 5, 18, 1327.67, 2243196, 2745
1436, 7, 157, 437, 4, 0, 5.49%, 0, 5, 18, 1400.27, 2250560, 2745
1441, 7, 419, 437, 4, 0, 5.49%, 0, 5, 18, 1449.74, 2257094, 2745
1446, 7, 143, 438, 5, 0, 5.49%, 0, 5, 18, 1392.14, 2264078, 2745
1451, 7, 193, 438, 5, 0, 5.49%, 0, 5, 18, 1319.57, 2270877, 2745
1456, 7, 437, 440, 7, 0, 5.49%, 0, 5, 18, 1278.94, 2277479, 2745
1461, 7, 218, 440, 6, 0, 5.49%, 0, 5, 18, 1410.30, 2285059, 2745
1466, 7, 145, 440, 6, 0, 5.49%, 0, 5, 18, 1392.18, 2291373, 2745
1471, 7, 134, 440, 6, 0, 5.49%, 0, 5, 18, 246.58, 2298088, 2745
1477, 7, 256, 440, 6, 0, 5.49%, 0, 5, 18, 1362.18, 2304873, 2745
1482, 7, 408, 440, 5, 0, 5.49%, 0, 5, 18, 1380.60, 2311731, 2745
1487, 7, 196, 441, 6, 0, 5.49%, 0, 5, 18, 33.90, 2315093, 2745
1492, 7, 33, 441, 6, 0, 5.49%, 0, 5, 18, 1398.10, 2322757, 2745
1497, 7, 426, 441, 6, 0, 5.49%, 0, 5, 18, 1429.33, 2329109, 2745
1502, 7, 382, 441, 5, 0, 5.49%, 0, 5, 18, 1371.73, 2335942, 2745
1507, 7, 296, 441, 4, 0, 5.49%, 0, 5, 18, 1279.78, 2342086, 2745
1512, 7, 372, 441, 3, 0, 5.49%, 0, 5, 18, 1354.53, 2348992, 2745
1517, 7, 134, 441, 3, 0, 5.49%, 0, 5, 18, 229.36, 2355080, 2745
1522, 7, 442, 443, 4, 1, 5.50%, 0, 5, 18, 1294.13, 2362425, 2748
1528, 7, 291, 443, 3, 0, 5.50%, 0, 5, 18, 213.44, 2369092, 2748
1533, 7, 55, 443, 2, 0, 5.50%, 0, 5, 18, 1467.19, 2376050, 2748
1538, 7, 267, 443, 2, 0, 5.50%, 0, 5, 18, 1348.42, 2382682, 2748
1543, 8, 415, 444, 3, 0, 5.50%, 0, 5, 18, 159.09, 2388728, 2748
1548, 8, 442, 444, 3, 0, 5.50%, 0, 5, 18, 1243.14, 2395357, 2748
1553, 8, 307, 446, 3, 0, 5.50%, 0, 5, 18, 1461.90, 2402660, 2750
1558, 8, 237, 446, 3, 0, 5.50%, 0, 5, 18, 1361.74, 2409508, 2750
1563, 8, 170, 446, 2, 0, 5.50%, 0, 5, 18, 1359.11, 2415938, 2750
1568, 8, 373, 446, 2, 0, 5.50%, 0, 5, 18, 1405.82, 2423064, 2750
1574, 8, 446, 447, 3, 1, 5.51%, 0, 5, 18, 1509.33, 2429118, 2754
1579, 8, 288, 447, 2, 0, 5.51%, 0, 5, 18, 1388.58, 2436259, 2754
1584, 8, 379, 447, 2, 0, 5.51%, 0, 5, 18, 1322.54, 2442716, 2754
1589, 8, 288, 447, 2, 0, 5.51%, 0, 5, 18, 1396.74, 2449836, 2754
1594, 8, 118, 447, 2, 0, 5.51%, 0, 5, 18, 1416.33, 2456398, 2754
1599, 8, 305, 448, 2, 0, 5.51%, 0, 5, 18, 1424.26, 2463259, 2756
1604, 8, 191, 448, 2, 0, 5.51%, 0, 5, 18, 1332.86, 2470077, 2756
1609, 8, 373, 448, 2, 0, 5.51%, 0, 5, 18, 1370.72, 2477035, 2756
1614, 8, 267, 449, 2, 0, 5.51%, 0, 5, 18, 1347.58, 2483565, 2756
1619, 8, 83, 449, 2, 0, 5.51%, 0, 5, 18, 1484.96, 2489024, 2756
1625, 8, 191, 449, 2, 0, 5.51%, 0, 5, 18, 1402.60, 2495992, 2756
1630, 8, 291, 449, 2, 0, 5.51%, 0, 5, 18, 1375.52, 2502255, 2756
1635, 8, 345, 450, 2, 0, 5.52%, 0, 5, 18, 1352.65, 2509075, 2759
1640, 8, 55, 450, 2, 0, 5.52%, 0, 5, 18, 1355.22, 2515841, 2759
1645, 8, 291, 450, 2, 0, 5.52%, 0, 5, 18, 1380.19, 2522723, 2759
1650, 8, 53, 450, 2, 0, 5.52%, 0, 5, 18, 1199.87, 2530050, 2759
1655, 8, 387, 450, 2, 0, 5.52%, 0, 5, 18, 1378.44, 2537041, 2759
1660, 8, 280, 450, 2, 0, 5.52%, 0, 5, 18, 1306.03, 2543412, 2759
1665, 8, 280, 450, 2, 0, 5.52%, 0, 5, 18, 1344.71, 2550093, 2759
1670, 8, 218, 450, 2, 0, 5.52%, 0, 5, 18, 1333.19, 2557008, 2759
1676, 8, 183, 450, 2, 0, 5.52%, 0, 5, 18, 1318.02, 2563093, 2759
1681, 8, 449, 451, 3, 0, 5.52%, 0, 5, 18, 1336.72, 2570377, 2759
1686, 8, 183, 451, 3, 0, 5.52%, 0, 5, 18, 1517.73, 2575487, 2759
1691, 8, 170, 451, 3, 0, 5.52%, 0, 5, 18, 1348.30, 2582234, 2759
1696, 8, 450, 451, 3, 0, 5.52%, 0, 5, 18, 140.51, 2584660, 2759
1701, 8, 450, 451, 3, 0, 5.52%, 0, 5, 18, 155.67, 2585481, 2759
1706, 8, 408, 451, 2, 0, 5.52%, 0, 5, 18, 1549.01, 2588724, 2759
1711, 8, 281, 451, 2, 0, 5.52%, 0, 5, 18, 1332.32, 2596394, 2759
1716, 8, 208, 451, 2, 0, 5.52%, 0, 5, 18, 1348.93, 2603381, 2759
1721, 8, 419, 451, 2, 0, 5.52%, 0, 5, 18, 1396.58, 2610519, 2759
1727, 8, 404, 451, 2, 0, 5.52%, 0, 5, 18, 193.88, 2617100, 2759
1733, 8, 134, 451, 2, 0, 5.52%, 0, 5, 18, 5.91, 2619091, 2759
1738, 8, 145, 451, 2, 0, 5.52%, 0, 5, 18, 1409.66, 2626071, 2759
1743, 8, 134, 451, 2, 0, 5.52%, 0, 5, 18, 1481.15, 2633411, 2759
1748, 8, 202, 451, 2, 0, 5.52%, 0, 5, 18, 1405.92, 2640436, 2759
1753, 8, 148, 451, 2, 0, 5.52%, 0, 5, 18, 105.01, 2643090, 2759
1758, 8, 222, 451, 2, 0, 5.52%, 0, 5, 18, 1498.40, 2650630, 2759
1763, 8, 155, 451, 2, 0, 5.52%, 0, 5, 18, 1375.55, 2657406, 2759
1768, 8, 387, 451, 2, 0, 5.52%, 0, 5, 18, 1353.94, 2664249, 2759
1774, 8, 449, 451, 2, 0, 5.52%, 0, 5, 18, 221.19, 2670094, 2759
1779, 8, 267, 451, 2, 0, 5.52%, 0, 5, 18, 1345.44, 2677963, 2759
1784, 8, 252, 451, 2, 0, 5.52%, 0, 5, 18, 1290.42, 2684416, 2759
1789, 8, 449, 451, 2, 0, 5.52%, 0, 5, 18, 1369.54, 2691586, 2759
1794, 8, 82, 451, 2, 0, 5.52%, 0, 5, 18, 1418.44, 2697756, 2759
1799, 8, 157, 451, 2, 0, 5.52%, 0, 5, 18, 1461.77, 2702049, 2759
1804, 8, 375, 452, 2, 0, 5.52%, 0, 5, 18, 1301.13, 2708021, 2759
1809, 8, 267, 452, 2, 0, 5.52%, 0, 5, 18, 1480.12, 2714755, 2759
1815, 8, 289, 452, 2, 0, 5.52%, 0, 5, 18, 1401.28, 2721745, 2759
1820, 8, 445, 452, 2, 0, 5.52%, 0, 5, 18, 1394.49, 2728678, 2759
1825, 8, 447, 458, 8, 0, 5.53%, 0, 5, 18, 1297.91, 2735252, 2765
1831, 8, 447, 460, 10, 0, 5.53%, 0, 5, 18, 57.69, 2739096, 2766
1836, 8, 454, 461, 7, 1, 5.53%, 0, 5, 18, 1302.50, 2745664, 2766
1841, 8, 454, 467, 13, 1, 5.54%, 0, 5, 18, 922.54, 2752149, 2772
1846, 8, 454, 471, 17, 1, 5.55%, 0, 5, 18, 1202.97, 2758577, 2774
1851, 8, 465, 471, 15, 7, 5.55%, 0, 5, 18, 1305.22, 2765080, 2774
1856, 8, 463, 476, 19, 6, 5.55%, 0, 5, 19, 1154.24, 2770611, 2775
1861, 8, 463, 479, 22, 6, 5.55%, 0, 5, 19, 1112.64, 2775861, 2775
1866, 8, 468, 479, 21, 7, 5.55%, 0, 5, 19, 1302.40, 2782273, 2775
1871, 8, 475, 479, 19, 5, 5.55%, 0, 5, 19, 1100.47, 2789015, 2775
1876, 8, 472, 482, 19, 2, 5.55%, 0, 5, 20, 1174.37, 2795103, 2776
1882, 8, 472, 485, 22, 2, 5.55%, 0, 5, 20, 1166.88, 2801091, 2776
1887, 8, 479, 499, 35, 3, 5.57%, 0, 5, 21, 1196.59, 2807086, 2786
1892, 8, 479, 503, 39, 3, 5.58%, 0, 5, 21, 1203.74, 2813225, 2788
1897, 8, 498, 506, 41, 11, 5.58%, 0, 5, 21, 1193.07, 2819161, 2789
1902, 8, 488, 510, 44, 10, 5.58%, 0, 5, 22, 1289.57, 2826421, 2792
1907, 8, 488, 512, 46, 10, 5.58%, 0, 5, 22, 1231.68, 2832447, 2792
1912, 8, 480, 512, 44, 11, 5.58%, 0, 5, 22, 1245.25, 2838869, 2792
1917, 8, 495, 512, 42, 9, 5.58%, 0, 5, 22, 1328.81, 2844483, 2792
1922, 8, 509, 514, 41, 6, 5.58%, 0, 5, 23, 1204.62, 2850370, 2792
1927, 8, 507, 516, 41, 5, 5.58%, 0, 5, 23, 1129.20, 2856136, 2792
1932, 8, 507, 517, 42, 5, 5.59%, 0, 5, 23, 1127.01, 2861902, 2793
1938, 8, 347, 517, 40, 4, 5.59%, 0, 5, 23, 1198.25, 2868385, 2793
1943, 8, 490, 518, 40, 3, 5.59%, 0, 5, 23, 1158.06, 2874086, 2793
1948, 8, 464, 519, 39, 1, 5.59%, 0, 5, 23, 1322.48, 2879941, 2793
1953, 8, 519, 520, 39, 1, 5.59%, 0, 5, 23, 1239.32, 2885944, 2793
1958, 8, 373, 522, 38, 0, 5.59%, 0, 5, 23, 1221.89, 2892096, 2793
1963, 8, 477, 522, 37, 0, 5.59%, 0, 5, 23, 1216.05, 2897998, 2793
1968, 8, 521, 522, 35, 0, 5.59%, 0, 5, 23, 1350.01, 2904737, 2793
1977, 8, 49, 523, 35, 0, 5.59%, 0, 5, 23, 5.08, 2908089, 2793
1982, 8, 511, 523, 35, 0, 5.59%, 0, 5, 23, 1266.43, 2913614, 2793
1987, 8, 82, 524, 35, 0, 5.59%, 0, 5, 23, 1279.82, 2920024, 2793
1992, 8, 451, 524, 35, 0, 5.59%, 0, 5, 23, 1103.84, 2925886, 2793
1997, 8, 451, 524, 35, 0, 5.59%, 0, 5, 23, 901.81, 2926467, 2793
2002, 9, 166, 525, 35, 0, 5.59%, 0, 5, 23, 1179.69, 2932748, 2793
2007, 9, 166, 525, 35, 0, 5.59%, 0, 5, 23, 1243.66, 2939101, 2793
2012, 9, 470, 525, 35, 0, 5.59%, 0, 5, 23, 1225.43, 2945094, 2793
2017, 9, 218, 525, 35, 0, 5.59%, 0, 5, 23, 1303.98, 2951092, 2793
2022, 9, 337, 525, 35, 0, 5.59%, 0, 5, 23, 1324.86, 2957891, 2793
2027, 9, 449, 525, 34, 0, 5.59%, 0, 5, 23, 1252.26, 2963902, 2793
2033, 9, 476, 525, 34, 0, 5.59%, 0, 5, 23, 1079.92, 2971114, 2793
2038, 9, 166, 525, 33, 0, 5.59%, 0, 5, 23, 1319.65, 2977919, 2793
2043, 9, 489, 525, 32, 0, 5.59%, 0, 5, 23, 1309.95, 2984557, 2793
2048, 9, 513, 527, 33, 0, 5.59%, 0, 5, 24, 1312.02, 2991096, 2793
2053, 9, 155, 527, 33, 0, 5.59%, 0, 5, 24, 1288.05, 2997767, 2793
2058, 9, 526, 530, 36, 0, 5.59%, 0, 5, 25, 1224.21, 3003903, 2793
2063, 9, 526, 531, 37, 0, 5.59%, 0, 5, 25, 1174.37, 3010647, 2793
2068, 9, 526, 535, 41, 0, 5.59%, 0, 5, 25, 1180.33, 3016523, 2794
2074, 9, 525, 536, 40, 0, 5.59%, 0, 5, 25, 1215.26, 3022715, 2794
2079, 9, 131, 536, 39, 0, 5.59%, 0, 5, 25, 1254.02, 3029110, 2794
2084, 9, 522, 537, 40, 0, 5.59%, 0, 5, 25, 1397.71, 3034308, 2794
2089, 9, 535, 539, 39, 0, 5.59%, 0, 5, 25, 153.35, 3040097, 2794
2094, 9, 504, 540, 39, 0, 5.59%, 0, 5, 25, 1403.15, 3046780, 2794
2099, 9, 505, 542, 40, 0, 5.59%, 0, 5, 25, 1341.82, 3053052, 2794
2104, 9, 347, 542, 40, 0, 5.59%, 0, 5, 25, 1516.91, 3058057, 2794
2110, 9, 49, 542, 39, 0, 5.59%, 0, 5, 25, 1353.34, 3064724, 2794
2115, 9, 500, 543, 39, 0, 5.59%, 0, 5, 25, 1345.64, 3071126, 2794
2120, 9, 443, 543, 37, 0, 5.59%, 0, 5, 25, 122.94, 3077334, 2794
2125, 9, 443, 543, 37, 0, 5.59%, 0, 5, 25, 123.72, 3078026, 2794
2130, 9, 506, 544, 37, 0, 5.59%, 0, 5, 25, 782.89, 3079698, 2794
2136, 9, 252, 544, 37, 0, 5.59%, 0, 5, 25, 29.10, 3085114, 2794
2141, 9, 101, 544, 35, 0, 5.59%, 0, 5, 25, 1321.95, 3091722, 2794
2146, 9, 481, 544, 34, 0, 5.59%, 0, 5, 25, 1402.01, 3098114, 2794
2151, 9, 298, 544, 33, 0, 5.59%, 0, 5, 25, 1385.62, 3105276, 2794
2157, 9, 81, 544, 31, 0, 5.59%, 0, 5, 25, 1235.95, 3112261, 2794
2162, 9, 243, 544, 31, 0, 5.59%, 0, 5, 25, 1361.71, 3119300, 2794
2167, 9, 281, 544, 31, 0, 5.59%, 0, 5, 25, 1524.24, 3126032, 2794
2172, 9, 528, 544, 31, 0, 5.59%, 0, 5, 25, 1633.77, 3129912, 2794
2177, 9, 277, 544, 30, 0, 5.59%, 0, 5, 25, 1487.56, 3136418, 2794
2182, 9, 518, 544, 30, 0, 5.59%, 0, 5, 25, 1360.89, 3143232, 2794
2187, 9, 242, 545, 28, 0, 5.59%, 0, 5, 26, 1563.59, 3149739, 2794
2192, 9, 315, 545, 28, 0, 5.59%, 0, 5, 26, 1387.73, 3156422, 2794
2197, 9, 543, 545, 28, 0, 5.59%, 0, 5, 26, 98.75, 3157111, 2794
2203, 9, 543, 545, 28, 0, 5.59%, 0, 5, 26, 99.79, 3157633, 2794
2208, 9, 541, 546, 28, 0, 5.59%, 0, 5, 26, 1260.64, 3158854, 2794
2214, 9, 293, 546, 26, 0, 5.59%, 0, 5, 26, 19.36, 3164110, 2794
2219, 9, 545, 546, 26, 0, 5.59%, 0, 5, 26, 83.03, 3169512, 2794
2225, 9, 545, 546, 26, 0, 5.59%, 0, 5, 26, 80.30, 3169927, 2794
2230, 9, 545, 546, 26, 0, 5.59%, 0, 5, 26, 80.16, 3170325, 2794
2235, 9, 545, 546, 26, 0, 5.59%, 0, 5, 26, 78.67, 3170726, 2794
2240, 9, 211, 546, 25, 0, 5.59%, 0, 5, 26, 1288.22, 3172809, 2794
2245, 9, 482, 546, 24, 0, 5.59%, 0, 5, 26, 1418.01, 3179045, 2794
2250, 9, 281, 546, 24, 0, 5.59%, 0, 5, 26, 1461.32, 3180891, 2794
2250, 9, 281, 546, 24, 0, 5.59%, 0, 5, 26, 0.00, 3181416, 2794
2255, 9, 244, 546, 24, 0, 5.59%, 0, 5, 26, 1413.87, 3188054, 2794
2260, 9, 244, 546, 24, 0, 5.59%, 0, 5, 26, 1371.85, 3194753, 2794
2265, 9, 191, 546, 24, 0, 5.59%, 0, 5, 26, 1379.74, 3201752, 2794
2270, 9, 343, 546, 24, 0, 5.59%, 0, 5, 26, 1332.09, 3208143, 2794
2275, 9, 52, 546, 24, 0, 5.59%, 0, 5, 26, 1380.38, 3215119, 2794
2280, 9, 493, 546, 24, 0, 5.59%, 0, 5, 26, 1317.50, 3221626, 2794
2285, 9, 224, 546, 23, 0, 5.59%, 0, 5, 26, 1237.55, 3229153, 2794
2291, 9, 69, 546, 23, 0, 5.59%, 0, 5, 26, 1434.24, 3235434, 2794
2296, 9, 523, 546, 23, 0, 5.59%, 0, 5, 26, 1274.73, 3241264, 2794
2301, 9, 243, 546, 22, 0, 5.59%, 0, 5, 26, 1268.47, 3247440, 2794
2306, 9, 35, 546, 22, 0, 5.59%, 0, 5, 26, 1379.82, 3254475, 2794
2311, 9, 222, 546, 22, 0, 5.59%, 0, 5, 26, 1324.61, 3261124, 2794
2316, 9, 196, 546, 22, 0, 5.59%, 0, 5, 26, 1474.76, 3265782, 2794
2321, 9, 203, 546, 22, 0, 5.59%, 0, 5, 26, 1390.34, 3272445, 2794
2326, 9, 544, 547, 23, 0, 5.59%, 0, 5, 27, 1186.67, 3277936, 2794
2331, 9, 189, 547, 20, 0, 5.59%, 0, 5, 27, 183.15, 3284124, 2794
2336, 9, 52, 547, 20, 0, 5.59%, 0, 5, 27, 1520.00, 3287426, 2794
2341, 9, 296, 547, 20, 0, 5.59%, 0, 5, 27, 1383.21, 3294229, 2794
2348, 9, 455, 547, 20, 0, 5.59%, 0, 5, 27, 40.13, 3299111, 2794
2353, 9, 241, 548, 20, 0, 5.59%, 0, 5, 27, 1489.54, 3305568, 2794
2358, 9, 280, 548, 20, 0, 5.59%, 0, 5, 27, 1530.47, 3311748, 2794
2363, 9, 218, 549, 21, 0, 5.59%, 0, 5, 27, 1438.69, 3319116, 2794
2368, 9, 225, 549, 21, 0, 5.59%, 0, 5, 27, 1383.69, 3326111, 2794
2373, 9, 547, 549, 21, 0, 5.59%, 0, 5, 27, 206.16, 3332552, 2794
2378, 9, 547, 549, 21, 0, 5.59%, 0, 5, 27, 129.46, 3333112, 2794
2383, 9, 547, 549, 21, 0, 5.59%, 0, 5, 27, 115.48, 3333669, 2794
2388, 9, 258, 549, 20, 0, 5.59%, 0, 5, 27, 1212.03, 3339089, 2794
2394, 9, 256, 549, 20, 0, 5.59%, 0, 5, 27, 1442.05, 3344273, 2794
2399, 9, 215, 549, 20, 0, 5.59%, 0, 5, 27, 1451.21, 3351132, 2794
2404, 9, 252, 550, 19, 0, 5.59%, 0, 5, 27, 1170.64, 3356916, 2794
2409, 9, 419, 550, 19, 0, 5.59%, 0, 5, 27, 1295.09, 3363517, 2794
2414, 9, 522, 550, 19, 0, 5.59%, 0, 5, 27, 1360.93, 3369014, 2794
2419, 9, 304, 550, 19, 0, 5.59%, 0, 5, 27, 1366.74, 3375919, 2794
2424, 9, 241, 550, 19, 0, 5.59%, 0, 5, 27, 1336.73, 3382134, 2794
2429, 9, 280, 550, 19, 0, 5.59%, 0, 5, 27, 1380.34, 3389120, 2794
2435, 9, 148, 550, 19, 0, 5.59%, 0, 5, 27, 1502.17, 3395806, 2794
2440, 9, 213, 550, 19, 0, 5.59%, 0, 5, 27, 1439.57, 3402862, 2794
2445, 9, 280, 551, 19, 0, 5.59%, 0, 5, 27, 1346.86, 3409651, 2794
2450, 9, 143, 551, 19, 0, 5.59%, 0, 5, 27, 1437.45, 3416961, 2794
2455, 9, 449, 551, 19, 0, 5.59%, 0, 5, 27, 1362.87, 3423718, 2794
2460, 9, 449, 551, 18, 0, 5.59%, 0, 5, 27, 1333.82, 3430447, 2794
2465, 9, 552, 553, 19, 1, 5.60%, 0, 5, 27, 1295.30, 3437168, 2799
2470, 9, 258, 554, 18, 0, 5.61%, 0, 5, 27, 1362.70, 3444053, 2803
2475, 9, 473, 555, 19, 0, 5.61%, 0, 5, 27, 1286.04, 3450583, 2803
2480, 9, 178, 555, 18, 0, 5.61%, 0, 5, 27, 1471.97, 3457139, 2803
2485, 9, 464, 555, 18, 0, 5.61%, 0, 5, 27, 1423.85, 3464439, 2803
2492, 9, 203, 555, 18, 0, 5.61%, 0, 5, 27, 8.47, 3468130, 2803
2497, 9, 335, 555, 18, 0, 5.61%, 0, 5, 27, 1337.22, 3475120, 2803
2502, 9, 280, 555, 18, 0, 5.61%, 0, 5, 27, 1419.86, 3481626, 2803
2507, 9, 531, 555, 18, 0, 5.61%, 0, 5, 27, 1208.29, 3487579, 2803
2512, 9, 244, 555, 17, 0, 5.61%, 0, 5, 27, 1446.20, 3494135, 2803
2517, 9, 179, 555, 17, 0, 5.61%, 0, 5, 27, 1449.76, 3501438, 2803
2523, 9, 334, 556, 17, 0, 5.61%, 0, 5, 27, 26.71, 3507126, 2804
2528, 9, 555, 556, 17, 0, 5.61%, 0, 5, 27, 1450.22, 3514283, 2804
2537, 9, 279, 557, 17, 0, 5.61%, 0, 5, 27, 13.01, 3520131, 2804
2542, 10, 548, 557, 17, 0, 5.61%, 0, 5, 27, 1314.70, 3526732, 2804
2547, 10, 468, 558, 17, 0, 5.61%, 0, 5, 27, 0.99, 3529121, 2804
2552, 10, 196, 558, 17, 0, 5.61%, 0, 5, 27, 1427.12, 3534913, 2804
2557, 10, 211, 558, 17, 0, 5.61%, 0, 5, 27, 1329.93, 3541139, 2804
2562, 10, 387, 558, 17, 0, 5.61%, 0, 5, 27, 1306.94, 3547243, 2804
2568, 10, 242, 560, 18, 0, 5.61%, 0, 5, 27, 45.38, 3551143, 2807
2573, 10, 32, 560, 18, 0, 5.61%, 0, 5, 27, 1384.54, 3558138, 2807
2578, 10, 145, 560, 18, 0, 5.61%, 0, 5, 27, 1498.10, 3565113, 2807
2584, 10, 211, 560, 18, 0, 5.61%, 0, 5, 27, 1409.52, 3572146, 2807
2589, 10, 118, 560, 18, 0, 5.61%, 0, 5, 27, 1398.20, 3578848, 2807
2594, 10, 242, 560, 18, 0, 5.61%, 0, 5, 27, 1410.04, 3586134, 2807
2599, 10, 155, 560, 18, 0, 5.61%, 0, 5, 27, 1455.26, 3592783, 2807
2604, 10, 118, 560, 18, 0, 5.61%, 0, 5, 27, 1440.26, 3600014, 2807
2609, 10, 558, 560, 18, 0, 5.61%, 0, 5, 27, 1575.78, 3606122, 2807
2614, 10, 52, 560, 17, 0, 5.61%, 0, 5, 27, 1374.02, 3611280, 2807
2619, 10, 209, 560, 17, 0, 5.61%, 0, 5, 27, 1279.95, 3617472, 2807
2624, 10, 559, 562, 19, 0, 5.61%, 0, 5, 27, 1319.63, 3623892, 2807
2630, 10, 559, 562, 19, 0, 5.61%, 0, 5, 27, 1279.53, 3629990, 2807
2635, 10, 258, 562, 18, 0, 5.61%, 0, 5, 27, 1473.38, 3633740, 2807
2640, 10, 209, 562, 18, 0, 5.61%, 0, 5, 27, 1480.39, 3640979, 2807
2645, 10, 279, 563, 18, 0, 5.62%, 0, 5, 27, 1368.48, 3646772, 2808
2650, 10, 56, 563, 18, 0, 5.62%, 0, 5, 27, 1352.91, 3653468, 2808
2655, 10, 546, 563, 18, 0, 5.62%, 0, 5, 27, 1258.77, 3659558, 2808
2660, 10, 29, 563, 17, 0, 5.62%, 0, 5, 27, 1333.93, 3665983, 2808
2665, 10, 193, 563, 17, 0, 5.62%, 0, 5, 27, 1319.04, 3672821, 2808
2670, 10, 562, 563, 17, 0, 5.62%, 0, 5, 27, 1340.13, 3679463, 2808
2675, 10, 553, 563, 17, 0, 5.62%, 0, 5, 27, 1350.80, 3686133, 2808
2680, 10, 280, 563, 17, 0, 5.62%, 0, 5, 27, 1375.27, 3693225, 2808
2686, 10, 293, 563, 17, 0, 5.62%, 0, 5, 27, 1401.89, 3700504, 2808
2691, 10, 457, 563, 17, 0, 5.62%, 0, 5, 27, 1389.04, 3707188, 2808
2697, 10, 562, 563, 17, 0, 5.62%, 0, 5, 27, 53.15, 3714141, 2808
2702, 10, 562, 563, 17, 0, 5.62%, 0, 5, 27, 1480.31, 3720129, 2808
2707, 10, 82, 563, 17, 0, 5.62%, 0, 5, 27, 1459.97, 3727551, 2808
2714, 10, 447, 563, 17, 0, 5.62%, 0, 5, 27, 73.67, 3731132, 2808
2719, 10, 521, 564, 18, 0, 5.62%, 0, 5, 27, 1375.00, 3737410, 2808
2724, 10, 499, 564, 18, 0, 5.62%, 0, 5, 27, 1368.22, 3742475, 2808
2729, 10, 162, 564, 18, 0, 5.62%, 0, 5, 27, 1395.96, 3749494, 2808
2734, 10, 262, 566, 19, 0, 5.62%, 0, 5, 27, 1362.62, 3755995, 2808
2739, 10, 204, 566, 19, 0, 5.62%, 0, 5, 27, 1282.46, 3763084, 2808
2744, 10, 132, 566, 19, 0, 5.62%, 0, 5, 27, 1356.17, 3769928, 2808
2749, 10, 168, 566, 18, 0, 5.62%, 0, 5, 27, 1213.01, 3775877, 2808
2755, 10, 447, 566, 18, 0, 5.62%, 0, 5, 27, 1241.00, 3782210, 2808
2760, 10, 241, 566, 18, 0, 5.62%, 0, 5, 27, 1305.69, 3788749, 2808
2765, 10, 243, 566, 18, 0, 5.62%, 0, 5, 27, 1275.63, 3794795, 2808
2770, 10, 274, 566, 18, 0, 5.62%, 0, 5, 27, 1385.33, 3801486, 2808
2775, 10, 293, 566, 18, 0, 5.62%, 0, 5, 27, 1275.54, 3807748, 2808
2780, 10, 211, 567, 18, 0, 5.62%, 0, 5, 27, 1292.82, 3814143, 2810
2785, 10, 343, 567, 18, 0, 5.62%, 0, 5, 27, 1256.29, 3820435, 2810
2790, 10, 490, 567, 17, 0, 5.62%, 0, 5, 27, 1279.18, 3827023, 2810
2795, 10, 226, 567, 17, 0, 5.62%, 0, 5, 27, 1254.90, 3833426, 2810
2800, 10, 447, 567, 17, 0, 5.62%, 0, 5, 27, 1338.70, 3840160, 2810
2805, 10, 189, 568, 17, 0, 5.62%, 0, 5, 27, 1356.91, 3846974, 2811
2810, 10, 172, 568, 17, 0, 5.62%, 0, 5, 27, 1384.13, 3853800, 2811
2816, 10, 50, 568, 17, 0, 5.62%, 0, 5, 27, 1354.32, 3860768, 2811
2821, 10, 205, 568, 17, 0, 5.62%, 0, 5, 27, 1354.22, 3867244, 2811
2826, 10, 213, 568, 17, 0, 5.62%, 0, 5, 27, 1340.49, 3873988, 2811
2831, 10, 83, 568, 17, 0, 5.62%, 0, 5, 27, 1412.45, 3880238, 2811
2836, 10, 222, 568, 17, 0, 5.62%, 0, 5, 27, 1274.04, 3887604, 2811
2841, 10, 81, 568, 17, 0, 5.62%, 0, 5, 27, 1437.86, 3893440, 2811
2846, 10, 166, 568, 17, 0, 5.62%, 0, 5, 27, 1312.77, 3899786, 2811
2851, 10, 567, 568, 17, 0, 5.62%, 0, 5, 27, 1283.20, 3906143, 2811
2856, 10, 267, 568, 17, 0, 5.62%, 0, 5, 27, 1343.10, 3912897, 2811
2861, 10, 516, 569, 18, 0, 5.62%, 0, 5, 27, 1261.12, 3919172, 2811
2866, 10, 38, 569, 18, 0, 5.62%, 0, 5, 27, 1330.83, 3925898, 2811
2872, 10, 289, 569, 18, 0, 5.62%, 0, 5, 27, 196.58, 3932130, 2811
2878, 10, 162, 569, 18, 0, 5.62%, 0, 5, 27, 1470.84, 3936083, 2811
2883, 10, 118, 569, 18, 0, 5.62%, 0, 5, 27, 1331.04, 3942294, 2811
2888, 10, 234, 569, 18, 0, 5.62%, 0, 5, 27, 1268.87, 3948712, 2811
2893, 10, 567, 569, 18, 0, 5.62%, 0, 5, 27, 1364.77, 3955145, 2811
2898, 10, 494, 569, 18, 0, 5.62%, 0, 5, 27, 1368.20, 3962203, 2811
2903, 10, 279, 569, 17, 0, 5.62%, 0, 5, 27, 1496.16, 3968580, 2811
2908, 10, 53, 569, 17, 0, 5.62%, 0, 5, 27, 1525.00, 3969444, 2811
2914, 10, 300, 569, 17, 0, 5.62%, 0, 5, 27, 1375.65, 3976140, 2811
2919, 10, 567, 569, 17, 0, 5.62%, 0, 5, 27, 1429.13, 3980906, 2811
2924, 10, 336, 569, 17, 0, 5.62%, 0, 5, 27, 1322.49, 3986736, 2811
2929, 10, 82, 569, 17, 0, 5.62%, 0, 5, 27, 1331.23, 3993072, 2811
2934, 10, 561, 569, 17, 0, 5.62%, 0, 5, 27, 1239.22, 3999557, 2811
2939, 10, 178, 570, 17, 0, 5.62%, 0, 5, 27, 1302.13, 4005869, 2811
2944, 10, 42, 570, 17, 0, 5.62%, 0, 5, 27, 1283.33, 4012482, 2811
2949, 10, 203, 570, 17, 0, 5.62%, 0, 5, 27, 1309.38, 4018915, 2811
2954, 10, 208, 571, 18, 0, 5.62%, 0, 5, 27, 1357.53, 4025759, 2811
2959, 10, 50, 571, 18, 0, 5.62%, 0, 5, 27, 1357.58, 4032095, 2811
2959, 10, 172, 571, 18, 0, 5.62%, 0, 5, 27, 0.00, 4032596, 2811
2965, 10, 419, 571, 18, 0, 5.62%, 0, 5, 27, 1388.96, 4039757, 2811
2970, 10, 460, 571, 18, 0, 5.62%, 0, 5, 27, 1296.12, 4045970, 2811
2975, 10, 81, 571, 18, 0, 5.62%, 0, 5, 27, 1240.56, 4052157, 2811
2980, 10, 209, 571, 18, 0, 5.62%, 0, 5, 27, 1226.21, 4058041, 2811
2985, 10, 209, 571, 18, 0, 5.62%, 0, 5, 27, 1236.47, 4064476, 2811
2990, 10, 258, 571, 18, 0, 5.62%, 0, 5, 27, 1280.29, 4070886, 2811
2995, 10, 519, 571, 18, 0, 5.62%, 0, 5, 27, 1292.73, 4077484, 2811
3000, 10, 209, 571, 18, 0, 5.62%, 0, 5, 27, 1268.31, 4083755, 2811
3005, 10, 183, 571, 18, 0, 5.62%, 0, 5, 27, 1326.51, 4090640, 2811
3010, 10, 570, 571, 18, 0, 5.62%, 0, 5, 27, 1250.65, 4096785, 2811
3016, 10, 448, 571, 17, 0, 5.62%, 0, 5, 27, 1309.09, 4103423, 2811
3021, 10, 157, 571, 17, 0, 5.62%, 0, 5, 27, 1278.27, 4109806, 2811
3026, 10, 277, 571, 17, 0, 5.62%, 0, 5, 27, 1269.52, 4116142, 2811
3031, 10, 134, 571, 17, 0, 5.62%, 0, 5, 27, 1303.99, 4122729, 2811
3036, 10, 243, 571, 17, 0, 5.62%, 0, 5, 27, 1404.19, 4129475, 2811
3041, 10, 276, 571, 17, 0, 5.62%, 0, 5, 27, 100.75, 4136147, 2811
3046, 10, 446, 571, 17, 0, 5.62%, 0, 5, 27, 1317.34, 4142320, 2811
3051, 10, 359, 571, 17, 0, 5.62%, 0, 5, 27, 1340.77, 4149066, 2811
3056, 10, 558, 571, 17, 0, 5.62%, 0, 5, 27, 1222.08, 4154743, 2811
3061, 11, 168, 571, 17, 0, 5.62%, 0, 5, 27, 1372.92, 4161835, 2811
3067, 11, 178, 571, 17, 0, 5.62%, 0, 5, 27, 1363.20, 4168160, 2811
3072, 11, 350, 571, 17, 0, 5.62%, 0, 5, 27, 1325.43, 4174945, 2811
3077, 11, 361, 571, 17, 0, 5.62%, 0, 5, 27, 1397.96, 4181095, 2811
3082, 11, 143, 571, 17, 0, 5.62%, 0, 5, 27, 1355.48, 4187985, 2811
3087, 11, 214, 571, 17, 0, 5.62%, 0, 5, 27, 1280.04, 4194087, 2811
3092, 11, 247, 571, 17, 0, 5.62%, 0, 5, 27, 1338.94, 4200257, 2811
3097, 11, 223, 571, 17, 0, 5.62%, 0, 5, 27, 1421.66, 4206763, 2811
3102, 11, 293, 571, 17, 0, 5.62%, 0, 5, 27, 1406.04, 4210627, 2811
3107, 11, 562, 572, 18, 0, 5.62%, 0, 5, 27, 1532.17, 4217112, 2811
3113, 11, 55, 572, 18, 0, 5.62%, 0, 5, 27, 1427.25, 4223658, 2811
3118, 11, 82, 572, 18, 0, 5.62%, 0, 5, 27, 1380.61, 4230462, 2811
3123, 11, 247, 572, 18, 0, 5.62%, 0, 5, 27, 1.09, 4233142, 2811
3128, 11, 307, 572, 18, 0, 5.62%, 0, 5, 27, 1398.31, 4240011, 2811
3133, 11, 490, 572, 18, 0, 5.62%, 0, 5, 27, 1310.72, 4246239, 2811
3138, 11, 193, 572, 18, 0, 5.62%, 0, 5, 27, 1311.00, 4252996, 2811
3143, 11, 298, 572, 18, 0, 5.62%, 0, 5, 27, 1301.17, 4258936, 2811
3148, 11, 442, 572, 18, 0, 5.62%, 0, 5, 27, 1308.38, 4265587, 2811
3153, 11, 457, 572, 18, 0, 5.62%, 0, 5, 27, 1368.74, 4271765, 2811
3159, 11, 214, 572, 18, 0, 5.62%, 0, 5, 27, 1188.84, 4279115, 2811
3162, 11, 307, 572, 18, 0, 5.62%, 0, 5, 27, 1212.33, 4283119, 2811
3223, 12, 382, 574, 442, 11, 5.62%, 0, 5, 27, 1280.36, 4339650, 2810
3228, 12, 150, 574, 435, 7, 5.62%, 0, 5, 27, 965.03, 4344295, 2810
3233, 12, 26, 574, 426, 1, 5.62%, 0, 5, 27, 77.06, 4348499, 2810
3238, 12, 26, 574, 426, 1, 5.62%, 0, 5, 27, 70.72, 4348905, 2810
3244, 12, 26, 574, 426, 1, 5.62%, 0, 5, 27, 70.64, 4349268, 2810
3249, 12, 26, 574, 426, 1, 5.62%, 0, 5, 27, 69.04, 4349612, 2810
3254, 12, 26, 574, 426, 1, 5.62%, 0, 5, 27, 67.86, 4349963, 2810
3259, 12, 337, 574, 418, 0, 5.62%, 0, 5, 27, 921.83, 4354645, 2810
3264, 12, 24, 574, 413, 0, 5.62%, 0, 5, 27, 93.22, 4358173, 2810
3270, 12, 24, 574, 413, 0, 5.62%, 0, 5, 27, 5.58, 4358635, 2810
3275, 12, 24, 574, 413, 0, 5.62%, 0, 5, 27, 92.42, 4358997, 2810
3281, 12, 64, 574, 407, 0, 5.62%, 0, 5, 27, 64.14, 4361651, 2810
3286, 12, 195, 574, 401, 0, 5.62%, 0, 5, 27, 1011.59, 4366836, 2810
3291, 12, 165, 574, 395, 0, 5.62%, 0, 5, 27, 1054.69, 4371481, 2810
3296, 12, 121, 574, 392, 0, 5.62%, 0, 5, 27, 617.15, 4373944, 2810
3302, 12, 121, 574, 392, 0, 5.62%, 0, 5, 27, 172.69, 4374820, 2810
3307, 12, 168, 574, 386, 0, 5.62%, 0, 5, 27, 1109.36, 4378368, 2810
3312, 12, 11, 574, 380, 0, 5.62%, 0, 5, 27, 1171.01, 4383296, 2810
3317, 12, 214, 574, 376, 0, 5.62%, 0, 5, 27, 1109.75, 4388517, 2810
3322, 12, 236, 574, 371, 0, 5.62%, 0, 5, 27, 1063.58, 4393610, 2810
3327, 12, 273, 574, 365, 0, 5.62%, 0, 5, 27, 991.07, 4398640, 2810
3332, 12, 22, 575, 358, 0, 5.62%, 0, 5, 27, 1004.76, 4403498, 2810
3337, 12, 53, 575, 349, 0, 5.62%, 0, 5, 27, 1030.96, 4408521, 2810
3343, 12, 229, 575, 344, 0, 5.62%, 0, 5, 27, 1020.12, 4413656, 2810
3348, 12, 490, 575, 337, 0, 5.62%, 0, 5, 27, 1066.62, 4419160, 2810
3353, 12, 459, 575, 330, 0, 5.62%, 0, 5, 27, 987.27, 4424151, 2810
3358, 12, 418, 575, 322, 0, 5.62%, 0, 5, 27, 1081.30, 4429223, 2810
3363, 12, 127, 575, 314, 0, 5.62%, 0, 5, 27, 1097.81, 4434713, 2810
3368, 12, 101, 575, 309, 0, 5.62%, 0, 5, 27, 950.80, 4439205, 2810
3373, 12, 522, 575, 303, 0, 5.62%, 0, 5, 27, 1026.20, 4444648, 2810
3378, 12, 222, 575, 296, 0, 5.62%, 0, 5, 27, 1068.40, 4449923, 2810
3383, 12, 146, 575, 289, 0, 5.62%, 0, 5, 27, 1112.99, 4455382, 2810
3388, 12, 28, 575, 285, 0, 5.62%, 0, 5, 27, 91.29, 4459437, 2810
3394, 12, 28, 575, 285, 0, 5.62%, 0, 5, 27, 88.14, 4459885, 2810
3399, 12, 28, 575, 285, 0, 5.62%, 0, 5, 27, 87.20, 4460337, 2810
3404, 12, 210, 575, 282, 0, 5.62%, 0, 5, 27, 731.21, 4462525, 2810
3409, 12, 249, 575, 277, 0, 5.62%, 0, 5, 27, 996.82, 4467658, 2810
3414, 12, 12, 575, 270, 0, 5.62%, 0, 5, 27, 1008.64, 4472920, 2810
3419, 12, 524, 575, 263, 0, 5.62%, 0, 5, 27, 1209.91, 4478158, 2810
3424, 12, 86, 575, 257, 0, 5.62%, 0, 5, 27, 1119.76, 4483573, 2810
3430, 12, 90, 575, 249, 0, 5.62%, 0, 5, 27, 1005.00, 4488851, 2810
3435, 12, 33, 575, 245, 0, 5.62%, 0, 5, 27, 1062.84, 4494338, 2810
3440, 12, 490, 575, 237, 0, 5.62%, 0, 5, 27, 1425.00, 4499930, 2810
3445, 12, 527, 575, 235, 0, 5.62%, 0, 5, 27, 1172.39, 4503173, 2810
3450, 12, 186, 575, 227, 0, 5.62%, 0, 5, 27, 1065.97, 4508656, 2810
3459, 12, 256, 576, 226, 0, 5.62%, 0, 7, 27, 34.00, 4511658, 2811
3464, 12, 258, 576, 221, 0, 5.62%, 0, 7, 27, 1026.82, 4516647, 2811
3470, 12, 405, 576, 215, 0, 5.62%, 0, 7, 27, 1065.95, 4522160, 2811
3475, 12, 344, 576, 210, 0, 5.62%, 0, 7, 27, 1049.45, 4527022, 2811
3480, 12, 412, 576, 203, 0, 5.62%, 0, 7, 27, 1111.44, 4532649, 2811
3485, 12, 439, 576, 198, 0, 5.62%, 0, 7, 27, 160.86, 4537650, 2811
3490, 13, 387, 576, 192, 0, 5.62%, 0, 7, 27, 1194.24, 4542890, 2811
3495, 13, 234, 576, 185, 0, 5.62%, 0, 7, 27, 1104.20, 4548147, 2811
3501, 13, 395, 576, 183, 0, 5.62%, 0, 7, 27, 1076.67, 4553694, 2811
3506, 13, 23, 576, 179, 0, 5.62%, 0, 7, 27, 1039.26, 4558964, 2811
3511, 13, 396, 576, 176, 0, 5.62%, 0, 7, 27, 1091.19, 4564440, 2811
3516, 13, 362, 576, 171, 0, 5.62%, 0, 7, 27, 1120.22, 4570109, 2811
3521, 13, 139, 577, 169, 0, 5.63%, 0, 7, 27, 1095.83, 4575184, 2815
3526, 13, 356, 577, 164, 0, 5.63%, 0, 7, 27, 1321.11, 4580450, 2815
3531, 13, 233, 577, 162, 0, 5.63%, 0, 7, 27, 1254.55, 4583646, 2815
3537, 13, 508, 577, 158, 0, 5.63%, 0, 7, 27, 1114.21, 4589087, 2815
3542, 13, 186, 577, 155, 0, 5.63%, 0, 7, 27, 930.93, 4593022, 2815
3547, 13, 470, 577, 152, 0, 5.63%, 0, 7, 27, 1059.34, 4598606, 2815
3552, 13, 167, 577, 146, 0, 5.63%, 0, 7, 27, 1106.76, 4604029, 2815
3557, 13, 10, 577, 141, 0, 5.63%, 0, 7, 27, 1048.50, 4609305, 2815
3562, 13, 234, 577, 136, 0, 5.63%, 0, 7, 27, 1065.65, 4614547, 2815
3567, 13, 47, 577, 132, 0, 5.63%, 0, 7, 27, 1163.82, 4620455, 2815
3572, 13, 254, 577, 128, 0, 5.63%, 0, 7, 27, 1109.42, 4625988, 2815
3577, 13, 444, 577, 123, 0, 5.63%, 0, 7, 27, 1105.76, 4631648, 2815
3583, 13, 67, 578, 121, 0, 5.63%, 0, 7, 27, 933.08, 4636308, 2816
3588, 13, 497, 578, 118, 0, 5.63%, 0, 7, 27, 1069.78, 4641947, 2816
3593, 13, 253, 578, 112, 0, 5.63%, 0, 7, 27, 1091.24, 4646963, 2816
3598, 13, 460, 578, 108, 0, 5.63%, 0, 7, 27, 1055.84, 4651924, 2816
3603, 13, 281, 578, 104, 0, 5.63%, 0, 7, 27, 1090.29, 4657474, 2816
3608, 13, 464, 578, 102, 0, 5.63%, 0, 7, 27, 1101.00, 4662927, 2816
3613, 13, 126, 578, 97, 0, 5.63%, 0, 7, 27, 177.22, 4667648, 2816
3618, 13, 520, 578, 94, 0, 5.63%, 0, 7, 27, 1096.90, 4672758, 2816
3624, 13, 134, 578, 87, 0, 5.63%, 0, 7, 27, 1061.44, 4677887, 2816
3629, 13, 238, 578, 82, 0, 5.63%, 0, 7, 27, 1135.12, 4683557, 2816
3634, 13, 489, 578, 79, 0, 5.63%, 0, 7, 27, 1125.79, 4689141, 2816
3639, 13, 371, 578, 75, 0, 5.63%, 0, 7, 27, 1160.26, 4694934, 2816
3644, 13, 181, 578, 74, 0, 5.63%, 0, 7, 27, 1065.49, 4700093, 2816
3649, 13, 320, 578, 73, 0, 5.63%, 0, 7, 27, 743.65, 4704937, 2816
3654, 13, 142, 578, 72, 0, 5.63%, 0, 7, 27, 1009.56, 4710460, 2816
3655, 13, 533, 578, 71, 0, 5.63%, 0, 7, 27, 1057.42, 4711613, 2816
3716, 14, 374, 579, 426, 0, 5.44%, 0, 7, 27, 1178.77, 4778085, 2720
3721, 14, 553, 579, 424, 0, 5.44%, 0, 7, 27, 97.93, 4779254, 2720
3726, 14, 553, 579, 424, 0, 5.44%, 0, 7, 27, 100.92, 4779771, 2720
3731, 14, 428, 579, 420, 0, 5.44%, 0, 7, 27, 823.01, 4782709, 2720
3736, 14, 358, 579, 410, 0, 5.44%, 0, 7, 27, 1073.10, 4788535, 2720
3741, 14, 194, 579, 401, 0, 5.44%, 0, 7, 27, 1142.86, 4794335, 2720
3746, 14, 552, 579, 399, 0, 5.44%, 0, 7, 27, 919.56, 4798956, 2720
3751, 14, 218, 579, 392, 0, 5.44%, 0, 7, 27, 1034.99, 4804330, 2720
3756, 14, 444, 579, 380, 0, 5.44%, 0, 7, 27, 1082.68, 4809945, 2720
3761, 14, 449, 579, 373, 0, 5.44%, 0, 7, 27, 123.51, 4813799, 2720
3766, 14, 449, 579, 373, 0, 5.44%, 0, 7, 27, 120.82, 4814433, 2720
3771, 14, 245, 579, 370, 0, 5.44%, 0, 7, 27, 1160.90, 4817263, 2720
3775, 14, 113, 579, 364, 0, 5.44%, 0, 7, 27, 1123.57, 4821407, 2720
3835, 15, 122, 579, 221, 0, 5.44%, 0, 7, 27, 172.00, 4884446, 2720
3840, 15, 122, 579, 221, 0, 5.44%, 0, 7, 27, 173.85, 4885352, 2720
3846, 15, 412, 579, 215, 0, 5.44%, 0, 7, 27, 978.82, 4888648, 2720
3851, 15, 576, 579, 201, 0, 5.44%, 0, 7, 27, 1232.48, 4894936, 2720
3856, 15, 97, 579, 186, 0, 5.44%, 0, 7, 27, 1129.65, 4900646, 2720
3861, 15, 372, 579, 175, 0, 5.44%, 0, 7, 27, 1100.39, 4906119, 2720
3866, 15, 291, 579, 160, 0, 5.44%, 0, 7, 27, 1098.40, 4911667, 2720
3871, 15, 196, 579, 151, 0, 5.44%, 0, 7, 27, 1016.59, 4916911, 2720
3876, 15, 96, 579, 141, 0, 5.44%, 0, 7, 27, 1065.74, 4922618, 2720
3881, 15, 40, 579, 133, 0, 5.44%, 0, 7, 27, 993.27, 4928159, 2720
3886, 15, 101, 579, 128, 0, 5.44%, 0, 7, 27, 1007.77, 4933271, 2720
3891, 15, 98, 579, 117, 0, 5.44%, 0, 7, 27, 1050.22, 4938658, 2720
3897, 15, 579, 580, 110, 1, 5.44%, 0, 7, 27, 1054.98, 4943819, 2720
3902, 15, 579, 581, 111, 1, 5.44%, 0, 7, 27, 748.88, 4947264, 2720
3907, 15, 155, 581, 106, 0, 5.44%, 0, 7, 27, 923.23, 4951901, 2720
3912, 15, 580, 581, 102, 0, 5.44%, 0, 7, 27, 851.28, 4956574, 2720
3917, 15, 561, 581, 92, 0, 5.44%, 0, 7, 27, 1220.37, 4963195, 2720
3922, 15, 99, 581, 86, 0, 5.44%, 0, 7, 27, 1084.01, 4968610, 2720
3927, 15, 108, 581, 82, 0, 5.44%, 0, 7, 27, 1058.20, 4973799, 2720
3932, 15, 404, 581, 77, 0, 5.44%, 0, 7, 27, 1101.02, 4979410, 2720
3937, 15, 180, 581, 75, 0, 5.44%, 0, 7, 27, 733.74, 4983320, 2720
3942, 15, 461, 581, 70, 0, 5.44%, 0, 7, 27, 958.57, 4988000, 2720
3948, 15, 579, 582, 64, 0, 5.44%, 0, 7, 27, 1013.66, 4994424, 2722
3953, 15, 581, 582, 58, 0, 5.44%, 0, 7, 27, 1046.45, 4999754, 2722
3958, 15, 350, 582, 52, 0, 5.44%, 0, 7, 27, 1091.36, 5005415, 2722
3963, 15, 321, 582, 48, 0, 5.44%, 0, 7, 27, 1084.52, 5010792, 2722
3968, 15, 157, 582, 43, 0, 5.44%, 0, 7, 27, 1118.40, 5016677, 2722
3973, 15, 190, 582, 38, 0, 5.44%, 0, 7, 27, 1056.05, 5021471, 2722
3978, 15, 141, 582, 34, 0, 5.44%, 0, 7, 27, 1106.80, 5027905, 2722
3983, 15, 409, 583, 30, 0, 5.44%, 0, 7, 27, 1158.67, 5033669, 2722
3988, 15, 186, 583, 27, 0, 5.44%, 0, 7, 27, 1061.00, 5038924, 2722
3993, 15, 221, 583, 24, 0, 5.44%, 0, 7, 27, 1127.35, 5044659, 2722
3997, 15, 265, 583, 23, 0, 5.44%, 0, 7, 27, 1164.52, 5049172, 2722
