# relative_time, cycles_done, cur_item, corpus_count, pending_total, pending_favs, map_size, saved_crashes, saved_hangs, max_depth, execs_per_sec, total_execs, edges_found
61, 0, 544, 546, 5, 0, 2.44%, 0, 0, 5, 2568.25, 121589, 2576
66, 0, 541, 547, 5, 0, 2.45%, 0, 0, 5, 2474.11, 133889, 2580
71, 0, 545, 547, 5, 0, 2.45%, 0, 0, 5, 2032.71, 144148, 2580
76, 0, 545, 547, 5, 0, 2.45%, 0, 0, 5, 2075.00, 145114, 2580
82, 0, 547, 549, 7, 1, 2.45%, 0, 0, 6, 2378.25, 157712, 2580
87, 0, 540, 549, 6, 0, 2.45%, 0, 0, 6, 1811.58, 166709, 2580
92, 0, 547, 550, 7, 0, 2.45%, 0, 1, 6, 2282.96, 178308, 2580
97, 0, 547, 550, 6, 0, 2.45%, 0, 1, 6, 32.56, 182814, 2580
102, 0, 547, 550, 6, 0, 2.45%, 0, 1, 6, 32.08, 182981, 2580
107, 0, 547, 550, 6, 0, 2.45%, 0, 1, 6, 2579.00, 191069, 2580
112, 0, 545, 550, 6, 0, 2.45%, 0, 1, 6, 1105.02, 195670, 2580
117, 0, 549, 550, 6, 0, 2.45%, 0, 1, 6, 2033.40, 207165, 2580
122, 0, 545, 550, 6, 0, 2.45%, 0, 1, 6, 30.42, 215263, 2580
129, 0, 545, 550, 6, 0, 2.45%, 0, 3, 6, 3.49, 215383, 2580
134, 0, 544, 552, 7, 0, 2.46%, 0, 3, 6, 2206.56, 226973, 2601
139, 0, 550, 553, 8, 0, 2.46%, 0, 3, 7, 2312.43, 238968, 2601
144, 0, 545, 553, 7, 0, 2.46%, 0, 3, 7, 33.04, 243495, 2601
149, 0, 545, 553, 7, 0, 2.46%, 0, 3, 7, 33.34, 243667, 2601
148, 0, 545, 553, 7, 0, 2.46%, 0, 3, 7, 0.00, 243687, 2601
153, 0, 545, 553, 7, 0, 2.46%, 0, 3, 7, 32.79, 243852, 2601
158, 0, 545, 553, 7, 0, 2.46%, 0, 3, 7, 1922.88, 249937, 2601
163, 0, 545, 553, 7, 0, 2.46%, 0, 3, 7, 32.43, 252076, 2601
169, 0, 547, 553, 7, 0, 2.46%, 0, 3, 7, 34.49, 260131, 2601
174, 0, 547, 553, 7, 0, 2.46%, 0, 3, 7, 32.49, 260295, 2601
179, 0, 547, 553, 7, 0, 2.46%, 0, 3, 7, 32.68, 260466, 2601
178, 0, 547, 553, 7, 0, 2.46%, 0, 3, 7, 0.00, 263542, 2601
184, 0, 541, 554, 7, 0, 2.47%, 0, 3, 7, 2387.69, 275665, 2602
189, 0, 540, 554, 7, 0, 2.47%, 0, 3, 7, 2358.55, 287596, 2602
194, 0, 547, 554, 7, 0, 2.47%, 0, 3, 7, 33.78, 288628, 2602
199, 0, 547, 556, 9, 0, 2.53%, 0, 3, 7, 1959.73, 298180, 2674
205, 0, 548, 556, 8, 0, 2.53%, 0, 4, 7, 152.24, 304670, 2674
210, 0, 548, 556, 8, 0, 2.53%, 0, 4, 7, 3.28, 304687, 2674
209, 0, 548, 556, 8, 0, 2.53%, 0, 4, 7, 0.00, 304691, 2674
214, 0, 548, 556, 8, 0, 2.53%, 0, 4, 7, 3.33, 304709, 2674
219, 0, 548, 556, 8, 0, 2.53%, 0, 4, 7, 3.20, 304725, 2674
225, 0, 548, 556, 8, 0, 2.53%, 0, 4, 7, 3.23, 304742, 2674
230, 0, 548, 556, 8, 0, 2.53%, 0, 4, 7, 405.61, 306763, 2674
235, 0, 552, 556, 7, 0, 2.53%, 0, 4, 7, 2392.81, 318797, 2674
240, 0, 555, 556, 7, 0, 2.53%, 0, 4, 7, 2326.14, 330358, 2674
239, 0, 541, 556, 7, 0, 2.53%, 0, 4, 7, 0.00, 333565, 2674
245, 0, 547, 556, 7, 0, 2.53%, 0, 4, 7, 1970.00, 336290, 2674
250, 0, 555, 556, 7, 0, 2.53%, 0, 4, 7, 2120.79, 347918, 2674
255, 0, 555, 556, 7, 0, 2.53%, 0, 4, 7, 32.93, 348085, 2674
260, 0, 550, 558, 9, 0, 2.53%, 0, 4, 7, 1491.60, 351822, 2674
265, 0, 550, 558, 9, 0, 2.53%, 0, 4, 7, 33.12, 356296, 2674
271, 0, 553, 558, 9, 0, 2.53%, 0, 4, 7, 2461.21, 361976, 2674
270, 0, 553, 558, 9, 0, 2.53%, 0, 4, 7, 0.00, 364395, 2674
275, 0, 553, 558, 9, 0, 2.53%, 0, 4, 7, 32.28, 368498, 2674
280, 0, 550, 558, 9, 0, 2.53%, 0, 4, 7, 2347.21, 372603, 2674
285, 0, 555, 558, 9, 0, 2.53%, 0, 4, 7, 2203.50, 383632, 2674
290, 0, 552, 558, 9, 0, 2.53%, 0, 4, 7, 2166.71, 394629, 2674
295, 0, 547, 558, 9, 0, 2.53%, 0, 4, 7, 2240.61, 406318, 2674
301, 0, 547, 558, 9, 0, 2.53%, 0, 4, 7, 31.97, 415648, 2674
300, 0, 547, 558, 9, 0, 2.53%, 0, 4, 7, 0.00, 415688, 2674
305, 0, 547, 558, 9, 0, 2.53%, 0, 4, 7, 33.81, 415854, 2674
310, 0, 547, 558, 9, 0, 2.53%, 0, 4, 7, 32.80, 416022, 2674
315, 0, 547, 558, 9, 0, 2.53%, 0, 4, 7, 2263.17, 419736, 2674
320, 0, 547, 558, 9, 0, 2.53%, 0, 4, 7, 31.99, 422270, 2674
325, 0, 550, 559, 10, 0, 2.54%, 0, 5, 7, 1530.00, 426663, 2677
331, 0, 537, 559, 9, 0, 2.54%, 0, 5, 7, 1768.08, 435572, 2677
330, 0, 553, 559, 9, 0, 2.54%, 0, 5, 7, 0.00, 439818, 2677
336, 0, 547, 560, 9, 0, 2.54%, 0, 5, 7, 34.71, 447393, 2678
341, 0, 537, 560, 9, 0, 2.54%, 0, 5, 7, 2480.01, 458048, 2678
346, 0, 544, 560, 9, 0, 2.54%, 0, 5, 7, 2414.43, 470031, 2678
351, 0, 540, 560, 9, 0, 2.54%, 0, 5, 7, 1906.52, 479830, 2678
356, 0, 547, 560, 9, 0, 2.54%, 0, 6, 7, 3007.69, 483641, 2678
361, 0, 558, 560, 9, 0, 2.54%, 0, 6, 7, 2165.11, 493908, 2678
361, 0, 558, 560, 9, 0, 2.54%, 0, 6, 7, 0.00, 495704, 2678
366, 0, 553, 560, 9, 0, 2.54%, 0, 6, 7, 2161.64, 507523, 2678
371, 0, 543, 560, 9, 0, 2.54%, 0, 6, 7, 1984.74, 516831, 2678
376, 0, 559, 560, 8, 0, 2.54%, 0, 6, 7, 2362.84, 529424, 2678
382, 0, 541, 564, 12, 0, 5.48%, 0, 7, 7, 61.12, 538551, 5780
387, 0, 561, 564, 11, 1, 5.48%, 0, 7, 7, 255.29, 542628, 5780
392, 0, 561, 564, 10, 0, 5.48%, 0, 7, 7, 29.34, 543772, 5780
391, 0, 561, 564, 10, 0, 5.48%, 0, 7, 7, 0.00, 543788, 5780
396, 0, 561, 564, 10, 0, 5.48%, 0, 7, 7, 32.75, 543953, 5780
401, 0, 561, 564, 10, 0, 5.48%, 0, 7, 7, 32.15, 544120, 5780
406, 0, 561, 564, 10, 0, 5.48%, 0, 7, 7, 31.95, 544283, 5780
411, 0, 561, 564, 10, 0, 5.48%, 0, 7, 7, 30.81, 548393, 5780
417, 0, 561, 564, 10, 0, 5.48%, 0, 7, 7, 32.58, 548562, 5780
422, 0, 564, 565, 10, 0, 5.48%, 0, 7, 7, 1738.34, 556069, 5781
421, 0, 564, 565, 10, 0, 5.48%, 0, 7, 7, 0.00, 559406, 5781
426, 0, 562, 565, 10, 0, 5.48%, 0, 7, 7, 32.77, 563719, 5781
432, 0, 562, 565, 10, 0, 5.48%, 0, 7, 7, 1860.00, 564244, 5781
437, 0, 562, 565, 10, 0, 5.48%, 0, 7, 7, 68.03, 565029, 5781
442, 0, 562, 565, 10, 0, 5.48%, 0, 7, 7, 40.30, 565198, 5781
447, 0, 561, 565, 10, 0, 5.48%, 0, 7, 7, 34.20, 569308, 5781
453, 0, 562, 565, 10, 0, 5.48%, 0, 7, 7, 375.69, 577378, 5781
452, 0, 562, 565, 10, 0, 5.48%, 0, 7, 7, 0.00, 577405, 5781
457, 0, 565, 566, 11, 1, 5.49%, 0, 8, 7, 31.54, 579500, 5793
462, 0, 565, 566, 11, 1, 5.49%, 0, 8, 7, 31.11, 579656, 5793
467, 0, 565, 566, 10, 0, 5.49%, 0, 8, 7, 1927.35, 586205, 5793
472, 0, 545, 566, 10, 0, 5.49%, 0, 8, 7, 2152.81, 597299, 5793
477, 0, 565, 566, 10, 0, 5.49%, 0, 8, 7, 2140.09, 608064, 5793
482, 0, 562, 566, 10, 0, 5.49%, 0, 8, 7, 32.79, 612831, 5793
482, 0, 562, 566, 10, 0, 5.49%, 0, 8, 7, 0.00, 612893, 5793
487, 0, 562, 566, 10, 0, 5.49%, 0, 8, 7, 31.83, 620947, 5793
493, 0, 562, 566, 10, 0, 5.49%, 0, 8, 7, 32.73, 622102, 5793
498, 0, 562, 566, 10, 0, 5.49%, 0, 8, 7, 32.83, 622269, 5793
503, 0, 562, 566, 10, 0, 5.49%, 0, 8, 7, 2004.77, 623427, 5793
508, 0, 562, 566, 10, 0, 5.49%, 0, 8, 7, 32.94, 623594, 5793
513, 0, 562, 566, 10, 0, 5.49%, 0, 8, 7, 33.25, 623764, 5793
513, 0, 562, 566, 10, 0, 5.49%, 0, 8, 7, 0.00, 624816, 5793
518, 0, 562, 566, 10, 0, 5.49%, 0, 8, 7, 32.66, 624984, 5793
524, 0, 562, 566, 10, 0, 5.49%, 0, 8, 7, 1028.21, 626156, 5793
529, 0, 562, 566, 10, 0, 5.49%, 0, 8, 7, 33.54, 626327, 5793
534, 0, 562, 566, 10, 0, 5.49%, 0, 8, 7, 33.57, 626497, 5793
539, 0, 558, 566, 10, 0, 5.49%, 0, 8, 7, 1546.92, 633820, 5793
544, 0, 562, 566, 10, 0, 5.49%, 0, 8, 7, 32.96, 634662, 5793
543, 0, 562, 566, 10, 0, 5.49%, 0, 8, 7, 0.00, 634689, 5793
548, 0, 562, 566, 10, 0, 5.49%, 0, 8, 7, 33.73, 634860, 5793
553, 0, 550, 566, 10, 0, 5.49%, 0, 8, 7, 1744.64, 641565, 5793
558, 0, 561, 566, 10, 0, 5.49%, 0, 8, 7, 32.32, 647033, 5793
563, 0, 561, 566, 10, 0, 5.49%, 0, 8, 7, 32.12, 647201, 5793
569, 0, 561, 566, 10, 0, 5.49%, 0, 9, 7, 1740.00, 647659, 5793
574, 0, 562, 566, 10, 0, 5.49%, 0, 9, 7, 2100.73, 654900, 5793
573, 0, 562, 566, 10, 0, 5.49%, 0, 9, 7, 0.00, 655418, 5793
578, 0, 562, 566, 10, 0, 5.49%, 0, 9, 7, 30.64, 657558, 5793
583, 0, 562, 566, 10, 0, 5.49%, 0, 9, 7, 30.67, 657712, 5793
589, 0, 562, 566, 10, 0, 5.49%, 0, 9, 7, 932.73, 658869, 5793
594, 0, 562, 566, 10, 0, 5.49%, 0, 9, 7, 31.70, 659031, 5793
599, 0, 562, 566, 10, 0, 5.49%, 0, 9, 7, 32.25, 659199, 5793
604, 0, 565, 566, 10, 0, 5.49%, 0, 9, 7, 2195.99, 668823, 5793
604, 0, 558, 566, 10, 0, 5.49%, 0, 9, 7, 0.00, 671247, 5793
609, 0, 562, 566, 10, 0, 5.49%, 0, 9, 7, 2871.56, 679291, 5793
614, 0, 558, 566, 10, 0, 5.49%, 0, 9, 7, 33.87, 685291, 5793
619, 0, 544, 566, 10, 0, 5.49%, 0, 9, 7, 1502.07, 689182, 5793
624, 0, 562, 566, 10, 0, 5.49%, 0, 9, 7, 33.02, 697459, 5793
629, 0, 562, 566, 10, 0, 5.49%, 0, 9, 7, 32.91, 697628, 5793
634, 0, 562, 566, 10, 0, 5.49%, 0, 9, 7, 33.00, 697795, 5793
634, 0, 558, 566, 10, 0, 5.49%, 0, 9, 7, 0.00, 698862, 5793
639, 0, 562, 566, 10, 0, 5.49%, 0, 9, 7, 1413.05, 705851, 5793
644, 0, 562, 566, 10, 0, 5.49%, 0, 9, 7, 32.59, 706020, 5793
649, 0, 562, 566, 10, 0, 5.49%, 0, 9, 7, 33.15, 706193, 5793
655, 0, 562, 566, 10, 0, 5.49%, 0, 9, 7, 33.11, 706363, 5793
660, 0, 562, 567, 11, 0, 5.49%, 0, 9, 7, 32.95, 715433, 5793
666, 0, 562, 567, 11, 0, 5.49%, 0, 9, 7, 33.21, 715602, 5793
664, 0, 562, 567, 11, 0, 5.49%, 0, 9, 7, 0.00, 715626, 5793
670, 0, 562, 567, 11, 0, 5.49%, 0, 9, 7, 32.99, 715795, 5793
675, 0, 562, 567, 11, 0, 5.49%, 0, 9, 7, 31.95, 721886, 5793
680, 0, 562, 567, 11, 0, 5.49%, 0, 9, 7, 32.05, 722053, 5793
686, 0, 562, 567, 11, 0, 5.49%, 0, 9, 7, 250.27, 726199, 5793
693, 0, 562, 568, 12, 0, 5.49%, 0, 10, 7, 207.14, 728337, 5793
698, 0, 564, 570, 13, 0, 5.49%, 0, 10, 7, 1913.62, 740967, 5793
703, 0, 569, 570, 13, 0, 5.49%, 0, 10, 7, 2260.00, 752934, 5793
708, 0, 562, 570, 13, 0, 5.49%, 0, 10, 7, 32.51, 755515, 5793
713, 0, 562, 570, 13, 0, 5.49%, 0, 10, 7, 29.03, 755660, 5793
718, 0, 562, 570, 13, 0, 5.49%, 0, 10, 7, 29.19, 755806, 5793
723, 0, 562, 570, 13, 0, 5.49%, 0, 10, 7, 33.23, 756958, 5793
728, 0, 562, 570, 13, 0, 5.49%, 0, 10, 7, 31.72, 757180, 5793
733, 0, 543, 570, 13, 0, 5.49%, 0, 10, 7, 31.69, 760307, 5793
738, 0, 543, 570, 13, 0, 5.49%, 0, 10, 7, 1565.00, 760781, 5793
744, 0, 562, 570, 13, 0, 5.49%, 0, 10, 7, 31.90, 767543, 5793
749, 0, 562, 570, 13, 0, 5.49%, 0, 10, 7, 32.80, 768695, 5793
754, 0, 562, 570, 13, 0, 5.49%, 0, 10, 7, 31.78, 768859, 5793
759, 0, 562, 570, 13, 0, 5.49%, 0, 10, 7, 30.34, 771058, 5793
764, 0, 562, 573, 16, 0, 5.52%, 0, 10, 7, 2167.69, 776147, 5824
769, 0, 562, 573, 14, 0, 5.52%, 0, 10, 7, 29.65, 783187, 5824
774, 0, 562, 573, 14, 0, 5.52%, 0, 10, 7, 31.32, 783353, 5824
780, 0, 562, 573, 14, 0, 5.52%, 0, 10, 7, 32.30, 783521, 5824
785, 0, 562, 573, 14, 0, 5.52%, 0, 10, 7, 31.40, 783679, 5824
790, 0, 572, 574, 15, 0, 5.52%, 0, 10, 7, 1601.80, 788434, 5825
795, 0, 574, 576, 16, 1, 5.52%, 0, 10, 9, 1886.93, 798637, 5828
800, 0, 537, 576, 14, 0, 5.52%, 0, 11, 9, 201.56, 805810, 5828
806, 0, 569, 576, 14, 0, 5.52%, 0, 11, 9, 2061.74, 815830, 5828
811, 0, 559, 576, 14, 0, 5.52%, 0, 11, 9, 2081.26, 827246, 5828
816, 0, 564, 576, 14, 0, 5.52%, 0, 11, 9, 2551.30, 840865, 5828
821, 0, 562, 576, 14, 0, 5.52%, 0, 11, 9, 37.43, 847925, 5828
826, 0, 562, 576, 14, 0, 5.52%, 0, 11, 9, 1565.00, 848408, 5828
831, 0, 552, 576, 14, 0, 5.52%, 0, 11, 9, 2242.06, 860817, 5828
836, 0, 543, 576, 14, 0, 5.52%, 0, 11, 9, 32.52, 871127, 5828
841, 0, 543, 576, 14, 0, 5.52%, 0, 11, 9, 31.91, 871292, 5828
846, 0, 543, 576, 14, 0, 5.52%, 0, 11, 9, 32.85, 871464, 5828
851, 0, 575, 576, 14, 0, 5.52%, 0, 11, 9, 2507.80, 875364, 5828
857, 0, 575, 576, 14, 0, 5.52%, 0, 11, 9, 106.02, 882654, 5828
862, 0, 575, 576, 14, 0, 5.52%, 0, 11, 9, 49.01, 882826, 5828
867, 0, 564, 576, 14, 0, 5.52%, 0, 11, 9, 2625.95, 889782, 5828
872, 0, 562, 576, 14, 0, 5.52%, 0, 11, 9, 34.68, 895997, 5828
877, 0, 569, 576, 14, 0, 5.52%, 0, 11, 9, 1010.41, 897053, 5828
882, 0, 569, 576, 14, 0, 5.52%, 0, 11, 9, 34.17, 901280, 5828
887, 0, 562, 576, 14, 0, 5.52%, 0, 11, 9, 34.91, 908360, 5828
892, 0, 562, 576, 14, 0, 5.52%, 0, 11, 9, 34.13, 908533, 5828
897, 0, 562, 576, 14, 0, 5.52%, 0, 11, 9, 34.20, 908708, 5828
903, 0, 562, 576, 14, 0, 5.52%, 0, 11, 9, 513.51, 911844, 5828
908, 0, 562, 576, 14, 0, 5.52%, 0, 11, 9, 34.22, 912025, 5828
913, 0, 562, 576, 14, 0, 5.52%, 0, 11, 9, 33.95, 912198, 5828
918, 0, 575, 576, 14, 0, 5.52%, 0, 11, 9, 2228.70, 920982, 5828
923, 0, 562, 576, 14, 0, 5.52%, 0, 11, 9, 29.52, 925266, 5828
928, 0, 562, 576, 14, 0, 5.52%, 0, 11, 9, 29.62, 925412, 5828
933, 0, 562, 576, 14, 0, 5.52%, 0, 11, 9, 33.61, 926565, 5828
938, 0, 562, 576, 14, 0, 5.52%, 0, 11, 9, 33.03, 926731, 5828
943, 0, 543, 576, 14, 0, 5.52%, 0, 11, 9, 858.21, 927608, 5828
948, 0, 562, 576, 14, 0, 5.52%, 0, 11, 9, 1820.82, 937902, 5828
953, 0, 562, 576, 14, 0, 5.52%, 0, 11, 9, 1020.00, 939231, 5828
958, 0, 562, 576, 14, 0, 5.52%, 0, 11, 9, 32.03, 941155, 5828
964, 0, 562, 576, 14, 0, 5.52%, 0, 11, 9, 32.40, 941320, 5828
969, 0, 562, 576, 14, 0, 5.52%, 0, 11, 9, 32.06, 941486, 5828
974, 0, 562, 576, 14, 0, 5.52%, 0, 11, 9, 32.28, 942675, 5828
979, 0, 562, 576, 14, 0, 5.52%, 0, 11, 9, 33.40, 942846, 5828
984, 0, 562, 576, 14, 0, 5.52%, 0, 11, 9, 34.73, 944004, 5828
989, 0, 562, 576, 14, 0, 5.52%, 0, 11, 9, 32.95, 944174, 5828
994, 0, 574, 577, 15, 0, 5.53%, 0, 11, 9, 2666.59, 949535, 5832
1000, 0, 574, 577, 15, 0, 5.53%, 0, 11, 9, 72.12, 953397, 5832
1005, 0, 574, 577, 15, 0, 5.53%, 0, 11, 9, 33.91, 959484, 5832
1010, 0, 562, 577, 14, 0, 5.53%, 0, 11, 9, 1596.06, 963597, 5832
1015, 0, 562, 577, 14, 0, 5.53%, 0, 11, 9, 32.52, 964751, 5832
1020, 0, 562, 577, 14, 0, 5.53%, 0, 11, 9, 31.47, 964912, 5832
1026, 0, 562, 578, 15, 0, 5.53%, 0, 11, 9, 1214.42, 965660, 5832
1031, 0, 569, 578, 15, 0, 5.53%, 0, 11, 9, 2470.49, 974164, 5832
1036, 0, 562, 578, 15, 0, 5.53%, 0, 11, 9, 33.42, 982168, 5832
1041, 0, 562, 578, 15, 0, 5.53%, 0, 11, 9, 30.10, 984302, 5832
1046, 0, 562, 578, 15, 0, 5.53%, 0, 11, 9, 32.53, 984471, 5832
1051, 0, 569, 578, 15, 0, 5.53%, 0, 11, 9, 2683.70, 989597, 5832
1056, 0, 565, 578, 15, 0, 5.53%, 0, 11, 9, 2434.41, 998873, 5832
1062, 0, 575, 578, 15, 0, 5.53%, 0, 11, 9, 2154.96, 1009253, 5832
1067, 0, 562, 579, 16, 0, 5.53%, 0, 11, 9, 368.33, 1021632, 5832
1072, 0, 576, 579, 16, 0, 5.53%, 0, 11, 9, 2127.61, 1031065, 5832
1077, 0, 571, 579, 16, 0, 5.53%, 0, 12, 9, 1946.94, 1038664, 5832
1082, 0, 562, 579, 16, 0, 5.53%, 0, 12, 9, 66.05, 1042731, 5832
1088, 0, 562, 579, 16, 0, 5.53%, 0, 12, 9, 32.06, 1043881, 5832
1093, 0, 562, 579, 16, 0, 5.53%, 0, 12, 9, 28.28, 1044021, 5832
1098, 0, 562, 579, 16, 0, 5.53%, 0, 12, 9, 22.68, 1044178, 5832
1103, 0, 569, 579, 16, 0, 5.53%, 0, 12, 9, 1692.43, 1049256, 5832
1108, 0, 552, 579, 16, 0, 5.53%, 0, 12, 9, 2080.01, 1060271, 5832
1113, 0, 569, 579, 16, 0, 5.53%, 0, 12, 9, 2132.59, 1071269, 5832
1119, 0, 562, 579, 16, 0, 5.53%, 0, 12, 9, 268.27, 1081287, 5832
1124, 0, 562, 579, 16, 0, 5.53%, 0, 12, 9, 31.87, 1081450, 5832
1130, 0, 562, 579, 16, 0, 5.53%, 0, 12, 9, 32.89, 1081675, 5832
1135, 0, 574, 580, 17, 0, 5.53%, 0, 12, 9, 2671.89, 1089949, 5833
1140, 0, 579, 584, 20, 1, 5.90%, 0, 12, 9, 2122.56, 1099269, 6221
1146, 0, 576, 585, 20, 0, 5.90%, 0, 13, 10, 243.51, 1101861, 6221
1151, 0, 584, 585, 20, 2, 5.90%, 0, 13, 10, 2259.58, 1112796, 6221
1156, 0, 586, 587, 20, 2, 5.90%, 0, 13, 12, 2310.05, 1123635, 6222
1161, 0, 575, 587, 18, 0, 5.90%, 0, 13, 12, 1671.82, 1135581, 6222
1166, 0, 562, 588, 19, 0, 5.90%, 0, 13, 12, 1869.29, 1144878, 6223
1171, 0, 562, 588, 18, 0, 5.90%, 0, 13, 12, 33.70, 1148974, 6223
1176, 0, 562, 588, 18, 0, 5.90%, 0, 13, 12, 30.64, 1149130, 6223
1181, 0, 562, 588, 18, 0, 5.90%, 0, 13, 12, 31.00, 1149289, 6223
1186, 0, 562, 588, 18, 0, 5.90%, 0, 13, 12, 32.30, 1149452, 6223
1191, 0, 562, 588, 18, 0, 5.90%, 0, 13, 12, 33.88, 1149655, 6223
1197, 0, 562, 588, 18, 0, 5.90%, 0, 13, 12, 57.50, 1151789, 6223
1202, 0, 562, 588, 18, 0, 5.90%, 0, 13, 12, 27.74, 1153937, 6223
1207, 0, 562, 588, 18, 0, 5.90%, 0, 13, 12, 28.14, 1154087, 6223
1212, 0, 562, 588, 18, 0, 5.90%, 0, 13, 12, 30.14, 1154244, 6223
1218, 0, 562, 588, 18, 0, 5.90%, 0, 13, 12, 31.15, 1154402, 6223
1223, 0, 578, 588, 18, 0, 5.90%, 0, 13, 12, 2743.96, 1162649, 6223
1228, 0, 578, 588, 18, 0, 5.90%, 0, 13, 12, 32.52, 1166614, 6223
1233, 0, 562, 588, 18, 0, 5.90%, 0, 13, 12, 29.14, 1168745, 6223
1238, 0, 562, 588, 18, 0, 5.90%, 0, 13, 12, 25.28, 1168874, 6223
1243, 0, 562, 588, 18, 0, 5.90%, 0, 13, 12, 27.09, 1169017, 6223
1248, 0, 562, 588, 18, 0, 5.90%, 0, 13, 12, 1467.68, 1172117, 6223
1253, 0, 562, 588, 18, 0, 5.90%, 0, 13, 12, 30.52, 1174279, 6223
1259, 0, 562, 588, 18, 0, 5.90%, 0, 13, 12, 25.01, 1174411, 6223
1264, 0, 562, 588, 18, 0, 5.90%, 0, 13, 12, 29.68, 1174563, 6223
1269, 0, 562, 588, 18, 0, 5.90%, 0, 13, 12, 23.64, 1174682, 6223
1274, 0, 562, 588, 18, 0, 5.90%, 0, 13, 12, 30.33, 1174839, 6223
1279, 0, 562, 588, 18, 0, 5.90%, 0, 13, 12, 41.56, 1175065, 6223
1284, 0, 584, 589, 19, 0, 5.90%, 0, 13, 12, 2996.46, 1187399, 6224
1289, 0, 588, 589, 19, 1, 5.90%, 0, 13, 12, 90.41, 1192306, 6224
1295, 0, 562, 593, 21, 1, 5.90%, 0, 13, 13, 39.50, 1201395, 6226
1300, 0, 591, 593, 21, 1, 5.90%, 0, 13, 13, 1983.01, 1203700, 6226
1305, 0, 575, 593, 20, 0, 5.90%, 0, 13, 13, 2670.41, 1217672, 6226
1310, 0, 576, 594, 21, 0, 5.90%, 0, 13, 13, 41.28, 1227640, 6227
1315, 0, 576, 594, 21, 0, 5.90%, 0, 13, 13, 37.70, 1227906, 6227
1320, 0, 562, 594, 21, 1, 5.90%, 0, 13, 13, 2999.68, 1230075, 6227
1325, 0, 562, 594, 21, 1, 5.90%, 0, 13, 13, 52.65, 1230321, 6227
1330, 0, 562, 594, 21, 1, 5.90%, 0, 13, 13, 43.52, 1230535, 6227
1335, 0, 562, 594, 21, 1, 5.90%, 0, 13, 13, 41.42, 1230731, 6227
1340, 0, 562, 594, 21, 1, 5.90%, 0, 13, 13, 41.51, 1230942, 6227
1345, 0, 562, 594, 21, 1, 5.90%, 0, 13, 13, 36.22, 1231204, 6227
1350, 0, 571, 594, 20, 0, 5.90%, 0, 13, 13, 3478.66, 1242061, 6227
1356, 0, 562, 594, 20, 0, 5.90%, 0, 13, 13, 41.41, 1248416, 6227
1361, 0, 562, 594, 20, 0, 5.90%, 0, 13, 13, 4235.72, 1251031, 6227
1366, 0, 593, 594, 20, 0, 5.90%, 0, 13, 13, 1800.91, 1260985, 6227
1371, 0, 593, 594, 20, 0, 5.90%, 0, 14, 13, 2488.94, 1271491, 6227
1376, 0, 562, 594, 20, 0, 5.90%, 0, 14, 13, 55.49, 1282751, 6227
1375, 0, 562, 594, 20, 0, 5.90%, 0, 14, 13, 0.00, 1282755, 6227
1380, 0, 562, 594, 20, 0, 5.90%, 0, 14, 13, 42.94, 1282971, 6227
1385, 0, 562, 594, 20, 0, 5.90%, 0, 14, 13, 40.98, 1283177, 6227
1390, 0, 562, 594, 20, 0, 5.90%, 0, 14, 13, 42.19, 1283393, 6227
1395, 0, 576, 594, 20, 0, 5.90%, 0, 14, 13, 2391.68, 1290974, 6227
1400, 0, 569, 594, 20, 0, 5.90%, 0, 14, 13, 2776.11, 1301856, 6227
1406, 0, 596, 597, 23, 3, 7.14%, 0, 14, 13, 3021.43, 1317562, 7539
1411, 0, 562, 599, 22, 0, 7.14%, 0, 14, 13, 2867.01, 1326693, 7539
1416, 0, 562, 599, 22, 0, 7.14%, 0, 14, 13, 43.00, 1328866, 7539
1421, 0, 562, 599, 22, 0, 7.14%, 0, 14, 13, 40.37, 1329068, 7539
1426, 0, 562, 599, 22, 0, 7.14%, 0, 14, 13, 39.83, 1329269, 7539
1431, 0, 562, 599, 22, 0, 7.14%, 0, 14, 13, 42.10, 1329483, 7539
1436, 0, 562, 599, 22, 0, 7.14%, 0, 14, 13, 42.22, 1329697, 7539
1441, 0, 562, 599, 22, 0, 7.14%, 0, 14, 13, 43.19, 1329975, 7539
1446, 0, 562, 602, 25, 0, 7.21%, 0, 14, 13, 4616.92, 1339014, 7612
1451, 0, 593, 602, 24, 0, 7.21%, 0, 15, 13, 3523.85, 1349376, 7612
1456, 0, 593, 602, 24, 0, 7.21%, 0, 15, 13, 41.00, 1354212, 7612
1461, 0, 562, 602, 24, 0, 7.21%, 0, 15, 13, 43.42, 1362296, 7612
1466, 0, 562, 602, 24, 0, 7.21%, 0, 15, 13, 41.45, 1362505, 7612
1472, 0, 562, 602, 24, 0, 7.21%, 0, 15, 13, 41.93, 1362781, 7612
1477, 0, 562, 602, 24, 0, 7.21%, 0, 15, 13, 41.50, 1362991, 7612
1482, 0, 562, 602, 24, 0, 7.21%, 0, 15, 13, 41.70, 1363202, 7612
1487, 0, 562, 602, 24, 0, 7.21%, 0, 15, 13, 44.67, 1372300, 7612
1492, 0, 562, 602, 24, 0, 7.21%, 0, 15, 13, 41.73, 1372508, 7612
1497, 0, 562, 602, 24, 0, 7.21%, 0, 15, 13, 39.60, 1372712, 7612
1502, 0, 562, 602, 24, 0, 7.21%, 0, 15, 13, 187.03, 1374973, 7612
1507, 0, 562, 602, 24, 0, 7.21%, 0, 15, 13, 73.65, 1375182, 7612
1512, 0, 562, 602, 24, 0, 7.21%, 0, 15, 13, 48.14, 1375392, 7612
1517, 0, 562, 602, 24, 0, 7.21%, 0, 15, 13, 42.73, 1375598, 7612
1523, 0, 587, 602, 24, 0, 7.21%, 0, 15, 13, 3173.75, 1383625, 7612
1528, 0, 586, 602, 24, 0, 7.21%, 0, 15, 13, 3001.10, 1398835, 7612
1533, 0, 589, 602, 24, 0, 7.21%, 0, 15, 13, 2169.91, 1412239, 7612
1538, 0, 589, 602, 24, 0, 7.21%, 0, 15, 13, 40.57, 1412908, 7612
1543, 0, 589, 602, 24, 0, 7.21%, 0, 15, 13, 2600.56, 1420265, 7612
1548, 0, 562, 602, 24, 0, 7.21%, 0, 15, 13, 35.96, 1429078, 7612
1553, 0, 562, 602, 24, 0, 7.21%, 0, 15, 13, 39.39, 1429284, 7612
1558, 0, 562, 602, 24, 0, 7.21%, 0, 15, 13, 2989.06, 1430487, 7612
1564, 0, 596, 602, 24, 0, 7.21%, 0, 15, 13, 97.69, 1444560, 7612
1569, 0, 596, 602, 24, 0, 7.21%, 0, 15, 13, 59.95, 1444824, 7612
1574, 0, 589, 603, 25, 0, 7.21%, 0, 15, 13, 3514.06, 1462885, 7613
1579, 0, 602, 603, 25, 1, 7.21%, 0, 15, 13, 3048.94, 1477923, 7613
1585, 0, 596, 603, 24, 0, 7.21%, 0, 15, 13, 50.63, 1492954, 7613
1590, 0, 596, 603, 24, 0, 7.21%, 0, 15, 13, 50.12, 1493203, 7613
1595, 0, 562, 603, 24, 0, 7.21%, 0, 15, 13, 31.80, 1500389, 7613
1600, 0, 562, 603, 24, 0, 7.21%, 0, 15, 13, 32.69, 1500548, 7613
1605, 0, 562, 603, 24, 0, 7.21%, 0, 15, 13, 31.82, 1500709, 7613
1610, 0, 562, 603, 24, 0, 7.21%, 0, 15, 13, 35.73, 1500898, 7613
1615, 0, 562, 603, 24, 0, 7.21%, 0, 15, 13, 37.77, 1501090, 7613
1620, 0, 562, 603, 24, 0, 7.21%, 0, 15, 13, 37.12, 1501276, 7613
1625, 0, 593, 603, 24, 0, 7.21%, 0, 15, 13, 2647.87, 1507282, 7613
1631, 0, 593, 603, 24, 0, 7.21%, 0, 15, 13, 2862.76, 1515950, 7613
1636, 0, 580, 605, 26, 0, 7.22%, 0, 15, 13, 249.91, 1519147, 7614
1641, 0, 580, 606, 27, 0, 7.22%, 0, 15, 13, 198.99, 1520146, 7614
1646, 0, 580, 607, 28, 0, 7.22%, 0, 15, 13, 845.75, 1521543, 7614
1651, 0, 580, 607, 28, 0, 7.22%, 0, 15, 13, 549.19, 1523909, 7614
1656, 0, 580, 607, 28, 0, 7.22%, 0, 15, 13, 1021.34, 1528806, 7614
1661, 0, 562, 607, 28, 1, 7.22%, 0, 15, 13, 36.59, 1535643, 7614
1666, 0, 562, 607, 28, 1, 7.22%, 0, 15, 13, 31.84, 1535812, 7614
1671, 0, 562, 607, 28, 1, 7.22%, 0, 15, 13, 28.31, 1535949, 7614
1677, 0, 562, 607, 28, 1, 7.22%, 0, 15, 13, 31.38, 1536105, 7614
1682, 0, 562, 607, 28, 1, 7.22%, 0, 15, 13, 27.40, 1536234, 7614
1687, 0, 562, 607, 28, 1, 7.22%, 0, 15, 13, 32.24, 1536442, 7614
1692, 0, 562, 607, 28, 1, 7.22%, 0, 15, 13, 30.49, 1536596, 7614
1697, 0, 576, 607, 28, 1, 7.22%, 0, 15, 13, 1765.54, 1542686, 7614
1702, 0, 562, 607, 28, 1, 7.22%, 0, 15, 13, 37.07, 1544817, 7614
1707, 0, 562, 607, 28, 1, 7.22%, 0, 15, 13, 37.90, 1545010, 7614
1712, 0, 562, 607, 28, 1, 7.22%, 0, 15, 13, 30.62, 1545163, 7614
1718, 0, 562, 607, 28, 1, 7.22%, 0, 15, 13, 37.08, 1545394, 7614
1723, 0, 600, 607, 28, 1, 7.22%, 0, 15, 13, 2327.30, 1551854, 7614
1729, 0, 562, 607, 27, 0, 7.22%, 0, 15, 13, 374.81, 1558625, 7614
1734, 0, 562, 607, 27, 0, 7.22%, 0, 15, 13, 35.12, 1558807, 7614
1739, 0, 596, 607, 27, 0, 7.22%, 0, 15, 13, 37.97, 1560964, 7614
1744, 0, 596, 607, 27, 0, 7.22%, 0, 15, 13, 33.94, 1561133, 7614
1749, 0, 579, 608, 28, 0, 7.22%, 0, 15, 13, 2431.64, 1576420, 7614
1754, 0, 579, 609, 29, 0, 7.22%, 0, 15, 13, 1459.62, 1582203, 7614
1760, 0, 574, 609, 29, 0, 7.22%, 0, 15, 13, 186.36, 1588368, 7614
1765, 0, 562, 609, 29, 0, 7.22%, 0, 15, 13, 34.22, 1592486, 7614
1770, 0, 562, 609, 29, 0, 7.22%, 0, 15, 13, 33.92, 1592659, 7614
1775, 0, 562, 609, 29, 0, 7.22%, 0, 15, 13, 34.31, 1592833, 7614
1781, 0, 562, 609, 29, 0, 7.22%, 0, 15, 13, 34.00, 1593056, 7614
1786, 0, 562, 609, 29, 0, 7.22%, 0, 15, 13, 32.22, 1593224, 7614
1791, 0, 562, 609, 29, 0, 7.22%, 0, 15, 13, 31.04, 1593378, 7614
1796, 0, 562, 609, 29, 0, 7.22%, 0, 15, 13, 31.54, 1593547, 7614
1801, 0, 562, 609, 29, 0, 7.22%, 0, 15, 13, 33.42, 1593718, 7614
1807, 0, 562, 610, 30, 0, 7.22%, 0, 15, 13, 125.87, 1598828, 7614
1806, 0, 562, 610, 30, 0, 7.22%, 0, 15, 13, 0.00, 1598884, 7614
1812, 0, 562, 611, 31, 0, 7.22%, 0, 15, 13, 62.86, 1602056, 7614
1817, 0, 580, 612, 32, 0, 7.22%, 0, 15, 13, 307.39, 1604850, 7614
1822, 0, 580, 613, 33, 0, 7.22%, 0, 15, 13, 255.73, 1606049, 7614
1828, 0, 562, 613, 33, 0, 7.22%, 0, 15, 13, 43.32, 1618209, 7614
1833, 0, 562, 613, 33, 0, 7.22%, 0, 15, 13, 39.69, 1618405, 7614
1838, 0, 562, 613, 33, 0, 7.22%, 0, 15, 13, 37.75, 1618599, 7614
1837, 0, 562, 613, 33, 0, 7.22%, 0, 15, 13, 0.00, 1618631, 7614
1842, 0, 562, 613, 33, 0, 7.22%, 0, 15, 13, 39.97, 1618830, 7614
1847, 0, 562, 613, 33, 0, 7.22%, 0, 15, 13, 39.78, 1619032, 7614
1852, 0, 562, 613, 33, 0, 7.22%, 0, 15, 13, 38.19, 1621192, 7614
1857, 0, 562, 613, 33, 0, 7.22%, 0, 15, 13, 36.01, 1621378, 7614
1862, 0, 562, 613, 33, 0, 7.22%, 0, 15, 13, 36.57, 1621569, 7614
1868, 0, 595, 613, 33, 0, 7.22%, 0, 15, 13, 2491.89, 1634398, 7614
1867, 0, 565, 613, 33, 0, 7.22%, 0, 15, 13, 0.00, 1638121, 7614
1872, 0, 565, 613, 33, 0, 7.22%, 0, 15, 13, 39.60, 1643709, 7614
1877, 0, 565, 613, 33, 0, 7.22%, 0, 15, 13, 38.37, 1643904, 7614
1883, 0, 562, 613, 33, 0, 7.22%, 0, 15, 13, 151.08, 1648067, 7614
1888, 0, 562, 613, 33, 0, 7.22%, 0, 15, 13, 59.95, 1648244, 7614
1893, 0, 562, 613, 33, 0, 7.22%, 0, 15, 13, 39.73, 1648424, 7614
1898, 0, 562, 613, 33, 0, 7.22%, 0, 15, 13, 36.32, 1648604, 7614
1898, 0, 562, 613, 33, 0, 7.22%, 0, 15, 13, 0.00, 1650642, 7614
1903, 0, 595, 613, 33, 0, 7.22%, 0, 15, 13, 3038.89, 1664671, 7614
1908, 0, 596, 613, 33, 0, 7.22%, 0, 15, 13, 42.03, 1673728, 7614
1913, 0, 596, 613, 33, 0, 7.22%, 0, 15, 13, 39.28, 1673927, 7614
1918, 0, 596, 613, 33, 0, 7.22%, 0, 15, 13, 35.72, 1674109, 7614
1923, 0, 596, 613, 33, 0, 7.22%, 0, 15, 13, 2391.48, 1677625, 7614
1929, 0, 596, 613, 33, 0, 7.22%, 0, 15, 13, 41.26, 1689329, 7614
1928, 0, 596, 613, 33, 0, 7.22%, 0, 15, 13, 0.00, 1689375, 7614
1933, 0, 596, 613, 33, 0, 7.22%, 0, 15, 13, 36.82, 1689561, 7614
1939, 0, 596, 613, 33, 0, 7.22%, 0, 15, 13, 37.91, 1689754, 7614
1944, 0, 596, 613, 33, 0, 7.22%, 0, 15, 13, 385.00, 1690004, 7614
1949, 0, 594, 615, 35, 0, 7.22%, 0, 15, 13, 1827.91, 1698190, 7620
1954, 0, 614, 615, 35, 1, 7.22%, 0, 15, 13, 106.98, 1702028, 7620
1959, 0, 562, 615, 34, 0, 7.22%, 0, 15, 13, 38.80, 1703200, 7620
1964, 0, 562, 615, 34, 0, 7.22%, 0, 15, 13, 40.50, 1703464, 7620
1969, 0, 562, 615, 34, 0, 7.22%, 0, 15, 13, 37.97, 1703658, 7620
1974, 0, 562, 615, 34, 0, 7.22%, 0, 15, 13, 37.03, 1703849, 7620
1979, 0, 562, 615, 34, 0, 7.22%, 0, 15, 13, 34.50, 1704031, 7620
1984, 0, 586, 615, 34, 0, 7.22%, 0, 15, 13, 2492.70, 1712968, 7620
1990, 0, 572, 615, 34, 0, 7.22%, 0, 15, 13, 1813.30, 1719226, 7620
1989, 0, 572, 615, 34, 0, 7.22%, 0, 15, 13, 0.00, 1723322, 7620
1995, 0, 562, 615, 34, 0, 7.22%, 0, 15, 13, 36.04, 1726339, 7620
2000, 0, 562, 615, 34, 0, 7.22%, 0, 15, 13, 37.37, 1726532, 7620
2005, 0, 562, 615, 34, 0, 7.22%, 0, 15, 13, 35.29, 1726710, 7620
2009, 0, 562, 615, 34, 0, 7.22%, 0, 15, 13, 37.23, 1726857, 7620
