# relative_time, cycles_done, cur_item, corpus_count, pending_total, pending_favs, map_size, saved_crashes, saved_hangs, max_depth, execs_per_sec, total_execs, edges_found, total_crashes, servers_count
61, 0, 32, 44, 24, 4, 6.16%, 0, 0, 4, 820.83, 57396, 7606, 0, 0
66, 0, 32, 44, 24, 4, 6.16%, 0, 0, 4, 802.53, 61420, 7606, 0, 0
71, 0, 32, 44, 24, 4, 6.16%, 0, 0, 4, 796.50, 65395, 7606, 0, 0
76, 0, 46, 47, 19, 1, 6.19%, 0, 0, 5, 785.98, 69358, 7646, 0, 0
81, 0, 46, 53, 16, 0, 6.20%, 0, 0, 6, 912.71, 75596, 7651, 0, 0
86, 1, 53, 57, 15, 0, 6.20%, 0, 0, 8, 952.48, 80640, 7651, 0, 0
91, 1, 30, 57, 12, 0, 6.20%, 0, 0, 8, 964.35, 85493, 7651, 0, 0
96, 2, 40, 59, 10, 0, 6.20%, 0, 0, 9, 982.66, 90609, 7651, 0, 0
102, 2, 58, 64, 14, 0, 6.20%, 0, 0, 10, 994.06, 95840, 7651, 0, 0
107, 2, 36, 65, 10, 0, 6.20%, 0, 0, 10, 919.47, 100399, 7651, 0, 0
112, 3, 66, 69, 12, 0, 6.20%, 1, 0, 10, 860.87, 106400, 7651, 2, 0
117, 3, 62, 70, 9, 0, 6.20%, 2, 0, 10, 898.81, 110868, 7651, 3, 0
122, 3, 70, 75, 14, 0, 6.20%, 4, 0, 10, 842.39, 115148, 7652, 5, 0
127, 3, 70, 77, 16, 0, 6.25%, 5, 0, 10, 880.67, 119600, 7708, 6, 0
132, 3, 76, 87, 25, 2, 6.26%, 8, 0, 11, 796.41, 123652, 7724, 12, 0
137, 3, 76, 90, 28, 2, 6.26%, 8, 0, 11, 766.16, 127608, 7727, 21, 0
143, 3, 76, 91, 29, 2, 6.26%, 9, 0, 11, 653.76, 132402, 7728, 43, 0
148, 3, 81, 92, 25, 4, 6.26%, 10, 0, 11, 808.90, 136604, 7728, 48, 0
153, 3, 43, 94, 23, 0, 6.26%, 10, 0, 12, 855.07, 140858, 7728, 54, 0
158, 3, 80, 96, 23, 0, 6.26%, 10, 0, 12, 812.26, 144982, 7728, 57, 0
163, 3, 85, 97, 22, 0, 6.26%, 10, 0, 12, 812.58, 149195, 7728, 60, 0
168, 3, 71, 97, 18, 0, 6.26%, 10, 0, 12, 793.27, 153348, 7728, 62, 0
173, 3, 76, 100, 14, 0, 6.27%, 12, 0, 12, 879.17, 159109, 7737, 67, 0
178, 4, 78, 100, 12, 0, 6.27%, 12, 0, 12, 876.77, 163422, 7737, 71, 0
184, 4, 89, 100, 9, 0, 6.27%, 12, 0, 12, 887.62, 168099, 7737, 72, 0
189, 4, 100, 102, 10, 0, 6.27%, 14, 0, 13, 760.22, 171938, 7737, 78, 0
194, 4, 100, 104, 12, 0, 6.27%, 15, 0, 13, 789.36, 175857, 7738, 91, 0
199, 4, 100, 104, 12, 0, 6.27%, 15, 0, 13, 799.53, 179931, 7738, 101, 0
204, 4, 68, 107, 13, 0, 6.27%, 15, 0, 13, 591.19, 185092, 7738, 107, 0
209, 4, 105, 109, 14, 0, 6.27%, 15, 0, 13, 672.07, 188457, 7738, 112, 0
214, 4, 105, 109, 14, 0, 6.27%, 15, 0, 13, 719.87, 192075, 7738, 112, 0
219, 4, 80, 110, 13, 0, 6.27%, 15, 0, 13, 809.21, 196529, 7738, 112, 0
224, 4, 27, 110, 11, 0, 6.27%, 15, 0, 13, 887.32, 201150, 7738, 115, 0
229, 5, 100, 110, 10, 0, 6.27%, 16, 0, 13, 853.25, 205324, 7738, 124, 0
235, 5, 103, 111, 7, 0, 6.27%, 16, 0, 13, 563.24, 209638, 7738, 128, 0
240, 5, 71, 111, 7, 0, 6.27%, 16, 0, 13, 817.87, 213988, 7738, 132, 0
245, 5, 100, 111, 7, 0, 6.27%, 16, 0, 13, 801.09, 217963, 7738, 136, 0
250, 5, 81, 111, 7, 0, 6.27%, 16, 0, 13, 830.33, 222294, 7738, 139, 0
255, 5, 99, 112, 8, 0, 6.27%, 16, 0, 13, 811.72, 226406, 7739, 141, 0
260, 6, 76, 112, 6, 0, 6.27%, 16, 0, 13, 796.69, 230540, 7739, 145, 0
265, 6, 103, 112, 4, 0, 6.27%, 17, 0, 13, 875.64, 236178, 7739, 152, 0
270, 6, 111, 114, 4, 0, 6.27%, 17, 0, 13, 789.17, 239966, 7740, 155, 0
275, 6, 113, 115, 5, 0, 6.27%, 17, 0, 13, 835.12, 244041, 7741, 164, 0
280, 6, 85, 115, 4, 0, 6.27%, 17, 0, 13, 869.55, 248666, 7741, 168, 0
285, 6, 46, 115, 4, 0, 6.27%, 17, 0, 13, 908.80, 253229, 7741, 170, 0
291, 6, 40, 115, 4, 0, 6.27%, 17, 0, 13, 871.65, 257586, 7741, 173, 0
296, 7, 115, 116, 4, 0, 6.27%, 17, 0, 13, 780.01, 262938, 7741, 175, 0
301, 7, 58, 116, 3, 0, 6.27%, 17, 0, 13, 786.09, 266728, 7741, 180, 0
306, 7, 116, 117, 4, 0, 6.27%, 18, 0, 13, 643.11, 269852, 7741, 186, 0
311, 7, 76, 117, 3, 0, 6.27%, 18, 0, 13, 807.12, 274101, 7741, 187, 0
316, 7, 18, 117, 3, 0, 6.27%, 18, 0, 13, 807.66, 278052, 7741, 191, 0
321, 7, 43, 117, 3, 0, 6.27%, 18, 0, 13, 854.37, 282343, 7741, 193, 0
326, 7, 100, 118, 3, 0, 6.27%, 18, 0, 13, 781.18, 287755, 7741, 197, 0
331, 8, 117, 118, 3, 0, 6.27%, 18, 0, 13, 729.81, 291440, 7741, 199, 0
336, 8, 117, 119, 4, 0, 6.27%, 18, 0, 13, 666.53, 294673, 7741, 200, 0
341, 8, 51, 120, 5, 0, 6.27%, 18, 0, 13, 801.81, 298664, 7741, 200, 0
347, 8, 86, 122, 5, 0, 6.27%, 18, 0, 14, 825.82, 302792, 7741, 205, 0
352, 8, 30, 122, 5, 0, 6.27%, 18, 0, 14, 922.93, 307568, 7741, 210, 0
357, 8, 48, 122, 5, 0, 6.27%, 18, 0, 14, 849.20, 313046, 7741, 218, 0
362, 8, 100, 122, 5, 0, 6.27%, 19, 0, 14, 735.22, 316864, 7741, 228, 0
367, 8, 121, 123, 6, 0, 6.27%, 19, 0, 15, 736.25, 320584, 7741, 232, 0
372, 8, 114, 123, 5, 0, 6.27%, 20, 0, 15, 842.39, 324774, 7741, 236, 0
377, 9, 23, 123, 4, 0, 6.27%, 20, 0, 15, 863.17, 329149, 7741, 241, 0
382, 9, 46, 123, 4, 0, 6.27%, 20, 0, 15, 965.77, 334076, 7741, 243, 0
387, 9, 86, 123, 4, 0, 6.27%, 20, 0, 15, 750.88, 339874, 7741, 250, 0
392, 9, 113, 123, 4, 0, 6.27%, 20, 0, 15, 925.11, 344698, 7741, 251, 0
397, 9, 81, 123, 3, 0, 6.27%, 20, 0, 15, 910.37, 349357, 7741, 256, 0
403, 10, 119, 123, 3, 0, 6.27%, 20, 0, 15, 949.85, 354295, 7741, 259, 0
408, 10, 19, 123, 2, 0, 6.27%, 20, 0, 15, 966.00, 359250, 7741, 260, 0
413, 10, 111, 123, 2, 0, 6.27%, 20, 0, 15, 990.30, 364421, 7741, 263, 0
418, 10, 30, 123, 2, 0, 6.27%, 20, 0, 15, 1032.47, 370885, 7741, 265, 0
423, 10, 43, 123, 2, 0, 6.27%, 20, 0, 15, 877.00, 375107, 7741, 269, 0
428, 10, 55, 123, 2, 0, 6.27%, 20, 0, 15, 958.44, 380193, 7741, 270, 0
433, 11, 51, 123, 2, 0, 6.27%, 20, 0, 15, 925.17, 384835, 7741, 276, 0
438, 11, 55, 123, 2, 0, 6.27%, 20, 0, 15, 885.05, 389407, 7741, 276, 0
443, 11, 100, 124, 2, 0, 6.27%, 20, 0, 15, 859.21, 393851, 7742, 283, 0
449, 11, 23, 124, 2, 0, 6.27%, 20, 0, 15, 1036.27, 400228, 7742, 286, 0
454, 11, 114, 124, 1, 0, 6.27%, 20, 0, 15, 964.29, 404765, 7742, 289, 0
459, 11, 76, 124, 1, 0, 6.27%, 20, 0, 15, 882.13, 409036, 7742, 296, 0
464, 11, 27, 124, 1, 0, 6.27%, 20, 0, 15, 863.59, 413212, 7742, 304, 0
469, 11, 100, 124, 0, 0, 6.27%, 20, 0, 15, 767.18, 417119, 7742, 316, 0
474, 12, 123, 124, 0, 0, 6.27%, 20, 0, 15, 860.29, 421539, 7742, 318, 0
479, 12, 81, 124, 0, 0, 6.27%, 20, 0, 15, 878.00, 427248, 7742, 326, 0
484, 12, 94, 124, 0, 0, 6.27%, 20, 0, 15, 895.46, 431895, 7742, 327, 0
489, 12, 113, 124, 0, 0, 6.27%, 20, 0, 15, 902.37, 436482, 7742, 332, 0
494, 12, 111, 124, 0, 0, 6.27%, 20, 0, 15, 894.19, 440864, 7742, 342, 0
499, 12, 48, 124, 0, 0, 6.27%, 20, 0, 15, 923.82, 445334, 7742, 348, 0
504, 12, 111, 125, 0, 0, 6.28%, 20, 0, 15, 978.88, 450242, 7752, 348, 0
510, 13, 81, 126, 0, 0, 6.28%, 20, 0, 15, 943.43, 456691, 7754, 349, 0
515, 13, 125, 126, 0, 0, 6.28%, 20, 0, 15, 933.24, 461151, 7754, 355, 0
520, 13, 123, 126, 0, 0, 6.28%, 20, 0, 15, 993.99, 466094, 7754, 356, 0
525, 13, 125, 126, 0, 0, 6.28%, 20, 0, 15, 953.01, 470788, 7754, 360, 0
530, 13, 103, 126, 0, 0, 6.28%, 20, 0, 15, 941.67, 475531, 7754, 360, 0
535, 13, 103, 126, 0, 0, 6.28%, 20, 0, 15, 954.27, 480407, 7754, 363, 0
540, 13, 125, 126, 0, 0, 6.28%, 20, 0, 15, 891.42, 487063, 7754, 368, 0
545, 14, 90, 126, 0, 0, 6.28%, 20, 0, 15, 885.39, 491556, 7754, 375, 0
550, 14, 126, 127, 1, 0, 6.28%, 20, 0, 15, 879.05, 495900, 7754, 380, 0
555, 14, 100, 127, 0, 0, 6.28%, 20, 0, 15, 918.29, 500679, 7754, 380, 0
560, 14, 90, 127, 0, 0, 6.28%, 20, 0, 15, 930.12, 505534, 7754, 386, 0
565, 14, 125, 127, 0, 0, 6.28%, 20, 0, 15, 947.56, 510195, 7754, 387, 0
570, 14, 114, 127, 0, 0, 6.28%, 20, 0, 15, 1007.46, 517144, 7754, 388, 0
576, 14, 40, 127, 0, 0, 6.28%, 20, 0, 15, 962.77, 521911, 7754, 392, 0
581, 15, 123, 127, 0, 0, 6.28%, 20, 0, 15, 900.81, 526234, 7754, 397, 0
586, 15, 125, 127, 0, 0, 6.28%, 20, 0, 15, 919.84, 530883, 7754, 404, 0
591, 15, 114, 127, 0, 0, 6.28%, 20, 0, 15, 1029.40, 536234, 7754, 404, 0
596, 15, 30, 127, 0, 0, 6.28%, 20, 0, 15, 982.02, 541234, 7754, 409, 0
601, 15, 86, 127, 0, 0, 6.28%, 20, 0, 15, 1006.35, 547325, 7754, 414, 0
606, 15, 43, 129, 1, 0, 6.28%, 20, 0, 15, 874.23, 551602, 7754, 415, 0
611, 15, 129, 131, 3, 0, 6.28%, 20, 0, 15, 830.84, 555962, 7754, 422, 0
616, 15, 128, 133, 4, 0, 6.28%, 20, 0, 15, 822.35, 560071, 7754, 430, 0
621, 15, 130, 134, 4, 0, 6.28%, 20, 0, 15, 812.83, 564294, 7754, 431, 0
627, 15, 90, 134, 2, 0, 6.28%, 20, 0, 15, 860.07, 568557, 7754, 433, 0
632, 16, 86, 135, 3, 0, 6.28%, 20, 0, 15, 785.71, 574714, 7754, 440, 0
637, 16, 134, 136, 4, 0, 6.28%, 20, 0, 15, 763.59, 578806, 7754, 452, 0
642, 16, 113, 136, 3, 0, 6.28%, 20, 0, 15, 838.33, 582822, 7754, 463, 0
647, 16, 135, 137, 4, 0, 6.28%, 20, 0, 15, 900.49, 587632, 7754, 466, 0
652, 16, 20, 137, 3, 0, 6.28%, 20, 0, 15, 864.29, 591510, 7754, 481, 0
657, 16, 81, 137, 3, 0, 6.28%, 20, 0, 15, 916.27, 596371, 7754, 485, 0
662, 16, 86, 138, 4, 0, 6.28%, 20, 0, 15, 973.16, 602822, 7754, 488, 0
668, 16, 85, 138, 4, 0, 6.28%, 20, 0, 15, 955.21, 607689, 7754, 492, 0
673, 17, 58, 138, 4, 0, 6.28%, 20, 0, 15, 974.65, 612664, 7754, 493, 0
678, 17, 86, 138, 4, 0, 6.28%, 20, 0, 15, 847.99, 616662, 7754, 502, 0
683, 17, 136, 140, 6, 0, 6.28%, 20, 0, 16, 803.59, 621059, 7754, 505, 0
688, 17, 136, 145, 11, 0, 6.28%, 20, 0, 16, 587.04, 623794, 7754, 515, 0
693, 17, 136, 146, 12, 0, 6.28%, 20, 0, 16, 537.83, 627475, 7754, 529, 0
698, 17, 40, 146, 11, 0, 6.28%, 20, 0, 16, 574.54, 630365, 7754, 533, 0
703, 17, 145, 146, 11, 0, 6.28%, 20, 0, 16, 704.06, 634513, 7754, 535, 0
709, 17, 143, 148, 11, 0, 6.28%, 20, 0, 17, 610.53, 637777, 7754, 546, 0
714, 17, 143, 151, 14, 0, 6.28%, 20, 0, 17, 496.10, 640075, 7754, 563, 0
719, 17, 143, 151, 14, 0, 6.28%, 20, 0, 17, 480.01, 642424, 7754, 579, 0
724, 17, 143, 152, 15, 0, 6.28%, 20, 0, 17, 474.50, 645622, 7754, 596, 0
729, 17, 151, 153, 15, 0, 6.28%, 20, 0, 17, 530.19, 648179, 7754, 612, 0
734, 17, 151, 155, 17, 0, 6.28%, 20, 0, 18, 463.98, 650430, 7754, 633, 0
739, 17, 151, 156, 18, 0, 6.28%, 20, 0, 18, 508.31, 653024, 7754, 647, 0
744, 17, 151, 156, 18, 0, 6.28%, 20, 0, 18, 501.38, 655567, 7754, 664, 0
750, 17, 90, 156, 17, 0, 6.28%, 20, 0, 18, 549.26, 658314, 7754, 679, 0
755, 17, 153, 156, 15, 0, 6.28%, 20, 0, 18, 504.80, 662447, 7754, 687, 0
760, 17, 153, 157, 16, 0, 6.28%, 20, 0, 19, 484.62, 664788, 7754, 701, 0
765, 17, 152, 158, 15, 0, 6.28%, 20, 0, 19, 589.57, 668214, 7754, 703, 0
770, 17, 46, 158, 13, 0, 6.28%, 20, 0, 19, 721.75, 671812, 7754, 708, 0
775, 17, 156, 159, 14, 0, 6.28%, 20, 0, 20, 485.46, 674161, 7754, 718, 0
780, 17, 86, 159, 12, 0, 6.28%, 20, 0, 20, 711.09, 677616, 7754, 724, 0
785, 17, 143, 160, 11, 0, 6.28%, 20, 0, 20, 527.47, 681913, 7754, 733, 0
791, 17, 65, 160, 10, 0, 6.28%, 20, 0, 20, 716.08, 685942, 7754, 741, 0
796, 18, 76, 160, 10, 0, 6.28%, 20, 0, 20, 926.95, 690841, 7754, 744, 0
801, 18, 76, 161, 11, 0, 6.28%, 20, 0, 20, 946.96, 695625, 7754, 746, 0
806, 18, 120, 161, 10, 0, 6.28%, 20, 0, 20, 572.71, 698124, 7754, 754, 0
811, 18, 160, 161, 9, 0, 6.28%, 20, 0, 20, 661.66, 701582, 7754, 774, 0
816, 18, 158, 162, 8, 0, 6.28%, 20, 0, 21, 535.12, 705494, 7754, 786, 0
821, 18, 124, 162, 6, 0, 6.28%, 20, 0, 21, 814.83, 709698, 7754, 792, 0
826, 18, 117, 162, 5, 0, 6.28%, 20, 0, 21, 652.21, 713075, 7754, 799, 0
831, 18, 146, 162, 5, 0, 6.28%, 20, 0, 21, 617.70, 716445, 7754, 804, 0
837, 18, 150, 162, 4, 0, 6.28%, 20, 0, 21, 777.66, 720522, 7754, 810, 0
842, 18, 100, 162, 4, 0, 6.28%, 20, 0, 21, 886.20, 725111, 7754, 815, 0
847, 18, 86, 162, 4, 0, 6.28%, 20, 0, 21, 958.26, 731525, 7754, 819, 0
852, 18, 110, 162, 4, 0, 6.28%, 20, 0, 21, 865.61, 735729, 7754, 823, 0
857, 19, 159, 162, 3, 0, 6.28%, 20, 0, 21, 774.09, 739774, 7754, 831, 0
862, 19, 117, 162, 2, 0, 6.28%, 20, 0, 21, 903.17, 744437, 7754, 834, 0
867, 19, 123, 162, 2, 0, 6.28%, 20, 0, 21, 967.26, 749380, 7754, 837, 0
872, 19, 43, 162, 1, 0, 6.28%, 20, 0, 21, 839.91, 753708, 7754, 842, 0
877, 19, 163, 164, 3, 0, 6.28%, 20, 0, 21, 724.11, 758797, 7754, 846, 0
882, 19, 103, 164, 2, 0, 6.28%, 20, 0, 21, 895.63, 763140, 7754, 850, 0
887, 19, 100, 164, 2, 0, 6.28%, 20, 0, 21, 913.06, 767832, 7754, 856, 0
893, 19, 162, 165, 2, 0, 6.28%, 20, 0, 22, 731.23, 771663, 7754, 861, 0
898, 19, 162, 166, 3, 0, 6.28%, 20, 0, 22, 442.81, 773550, 7754, 872, 0
903, 19, 100, 166, 2, 0, 6.28%, 21, 0, 22, 616.63, 776407, 7754, 880, 0
908, 19, 123, 166, 2, 0, 6.28%, 21, 0, 22, 918.65, 782610, 7754, 886, 0
913, 19, 164, 166, 2, 0, 6.28%, 21, 0, 22, 568.27, 785415, 7754, 894, 0
918, 20, 125, 166, 0, 0, 6.28%, 21, 0, 22, 487.21, 787826, 7754, 903, 0
923, 20, 111, 166, 0, 0, 6.28%, 21, 0, 22, 751.74, 792096, 7754, 910, 0
928, 20, 39, 166, 0, 0, 6.28%, 21, 0, 22, 842.75, 796311, 7754, 914, 0
934, 20, 166, 167, 1, 0, 6.28%, 21, 0, 22, 658.15, 799338, 7754, 922, 0
939, 20, 124, 167, 0, 0, 6.28%, 21, 0, 22, 839.42, 804676, 7754, 933, 0
944, 20, 157, 167, 0, 0, 6.28%, 21, 0, 22, 707.83, 808110, 7754, 948, 0
949, 20, 81, 167, 0, 0, 6.28%, 21, 0, 22, 948.28, 813160, 7754, 950, 0
954, 20, 125, 167, 0, 0, 6.28%, 21, 0, 22, 916.86, 817860, 7754, 954, 0
959, 20, 55, 167, 0, 0, 6.28%, 21, 0, 22, 883.15, 822336, 7754, 960, 0
964, 20, 124, 167, 0, 0, 6.28%, 21, 0, 22, 936.40, 827138, 7754, 961, 0
969, 21, 39, 167, 0, 0, 6.28%, 21, 0, 22, 1001.51, 833761, 7754, 966, 0
974, 21, 76, 167, 0, 0, 6.28%, 21, 0, 22, 840.92, 837901, 7754, 973, 0
980, 21, 160, 168, 1, 0, 6.28%, 21, 0, 22, 802.77, 842076, 7754, 987, 0
985, 21, 48, 168, 1, 0, 6.28%, 21, 0, 22, 934.04, 847034, 7754, 991, 0
990, 21, 113, 168, 1, 0, 6.28%, 21, 0, 22, 978.40, 851850, 7754, 994, 0
995, 21, 81, 168, 1, 0, 6.28%, 21, 0, 22, 929.43, 856670, 7754, 1000, 0
1000, 21, 167, 169, 2, 0, 6.28%, 21, 0, 22, 502.97, 860779, 7754, 1036, 0
1005, 21, 81, 169, 1, 0, 6.28%, 21, 0, 22, 881.91, 865868, 7754, 1038, 0
1010, 21, 125, 169, 1, 0, 6.28%, 21, 0, 22, 1014.61, 871104, 7754, 1039, 0
1015, 22, 111, 169, 1, 0, 6.28%, 21, 0, 22, 945.27, 875957, 7754, 1041, 0
1020, 22, 168, 169, 1, 0, 6.28%, 21, 0, 22, 881.00, 880494, 7754, 1048, 0
1026, 22, 100, 169, 0, 0, 6.28%, 21, 0, 22, 882.53, 884741, 7754, 1057, 0
1026, 22, 117, 169, 0, 0, 6.28%, 21, 0, 22, 0.00, 886520, 7754, 1057, 0
1031, 22, 161, 169, 0, 0, 6.28%, 21, 0, 22, 869.94, 890896, 7754, 1061, 0
1036, 22, 48, 169, 0, 0, 6.28%, 21, 0, 22, 920.01, 895596, 7754, 1063, 0
1041, 22, 155, 169, 0, 0, 6.28%, 21, 0, 22, 844.66, 899754, 7754, 1074, 0
1046, 22, 79, 169, 0, 0, 6.28%, 21, 0, 22, 865.88, 904167, 7754, 1083, 0
1051, 22, 40, 169, 0, 0, 6.28%, 21, 0, 22, 853.30, 908498, 7754, 1094, 0
1056, 22, 131, 171, 2, 0, 6.28%, 21, 0, 22, 788.93, 912716, 7754, 1101, 0
1056, 22, 46, 171, 2, 0, 6.28%, 21, 0, 22, 0.00, 914095, 7754, 1101, 0
1061, 23, 121, 172, 3, 0, 6.28%, 21, 0, 22, 868.77, 917945, 7754, 1110, 0
1067, 23, 97, 172, 3, 0, 6.28%, 21, 0, 22, 949.75, 922948, 7754, 1113, 0
1072, 23, 164, 172, 3, 0, 6.28%, 21, 0, 22, 932.18, 927896, 7754, 1115, 0
1077, 23, 100, 172, 3, 0, 6.28%, 21, 0, 22, 697.75, 930840, 7754, 1139, 0
1082, 23, 171, 172, 2, 0, 6.28%, 21, 0, 22, 691.71, 934587, 7754, 1143, 0
1087, 23, 171, 174, 4, 0, 6.28%, 21, 0, 22, 307.56, 936295, 7754, 1155, 0
1087, 23, 171, 175, 5, 0, 6.28%, 21, 0, 22, 0.00, 936913, 7754, 1159, 0
1092, 23, 171, 175, 5, 0, 6.28%, 21, 0, 22, 360.05, 938854, 7754, 1171, 0
1097, 23, 171, 176, 6, 0, 6.28%, 21, 0, 22, 350.62, 940595, 7754, 1186, 0
1102, 23, 171, 176, 6, 0, 6.28%, 21, 0, 22, 368.94, 942422, 7754, 1200, 0
1107, 23, 171, 177, 7, 0, 6.28%, 21, 0, 22, 321.66, 943969, 7754, 1225, 0
1112, 23, 113, 177, 5, 0, 6.28%, 21, 0, 22, 466.24, 946451, 7754, 1233, 0
1117, 23, 170, 179, 7, 0, 6.28%, 21, 0, 22, 723.78, 950377, 7754, 1243, 0
1123, 23, 175, 179, 6, 0, 6.28%, 21, 0, 22, 578.72, 955319, 7754, 1255, 0
1128, 23, 175, 180, 7, 0, 6.28%, 21, 0, 22, 412.75, 957192, 7754, 1268, 0
1133, 23, 145, 180, 6, 0, 6.28%, 21, 0, 22, 727.82, 961161, 7754, 1282, 0
1138, 23, 176, 180, 6, 0, 6.28%, 21, 0, 22, 679.56, 964738, 7754, 1289, 0
1143, 23, 46, 180, 4, 0, 6.28%, 21, 0, 22, 741.80, 968315, 7754, 1299, 0
1148, 23, 58, 181, 4, 0, 6.28%, 21, 0, 22, 532.77, 970781, 7754, 1308, 0
1153, 23, 100, 181, 3, 0, 6.28%, 21, 0, 22, 742.79, 975905, 7754, 1315, 0
1158, 23, 43, 181, 3, 0, 6.28%, 21, 0, 22, 709.15, 979243, 7754, 1329, 0
1164, 23, 180, 183, 5, 0, 6.28%, 21, 0, 22, 637.83, 982863, 7754, 1335, 0
1169, 23, 180, 183, 5, 0, 6.28%, 21, 0, 22, 405.44, 984571, 7754, 1358, 0
1174, 23, 180, 183, 5, 0, 6.28%, 21, 0, 22, 399.59, 986523, 7754, 1377, 0
1179, 23, 46, 183, 4, 0, 6.28%, 21, 0, 22, 764.41, 990363, 7754, 1384, 0
1184, 23, 81, 183, 3, 0, 6.28%, 21, 0, 22, 600.20, 994548, 7754, 1403, 0
1189, 23, 81, 183, 2, 0, 6.28%, 21, 0, 22, 848.33, 998923, 7754, 1409, 0
1194, 24, 90, 183, 2, 0, 6.28%, 21, 0, 22, 889.47, 1003289, 7754, 1418, 0
1199, 24, 181, 184, 3, 0, 6.28%, 21, 0, 23, 542.12, 1005668, 7754, 1428, 0
1204, 24, 78, 184, 2, 0, 6.28%, 21, 0, 23, 609.87, 1008442, 7754, 1442, 0
1209, 24, 100, 184, 2, 0, 6.28%, 21, 0, 23, 779.78, 1012753, 7754, 1450, 0
1209, 24, 156, 184, 2, 0, 6.28%, 21, 0, 23, 0.00, 1014082, 7754, 1450, 0
1215, 24, 158, 184, 1, 0, 6.28%, 21, 0, 23, 741.03, 1017263, 7754, 1459, 0
1220, 24, 76, 184, 1, 0, 6.28%, 21, 0, 23, 814.68, 1021420, 7754, 1469, 0
1225, 24, 20, 184, 1, 0, 6.28%, 21, 0, 23, 881.92, 1026015, 7754, 1474, 0
1230, 24, 183, 185, 2, 0, 6.28%, 21, 0, 24, 623.96, 1029345, 7754, 1478, 0
1235, 24, 183, 186, 3, 0, 6.28%, 21, 0, 24, 387.59, 1030955, 7754, 1493, 0
1240, 24, 109, 186, 2, 0, 6.28%, 21, 0, 24, 595.47, 1033734, 7754, 1498, 0
1240, 24, 184, 186, 2, 0, 6.28%, 21, 0, 24, 0.00, 1034837, 7754, 1498, 0
1245, 24, 10, 186, 1, 0, 6.28%, 21, 0, 24, 516.68, 1037237, 7754, 1504, 0
1250, 24, 142, 186, 1, 0, 6.28%, 21, 0, 24, 805.82, 1041813, 7754, 1513, 0
1255, 24, 185, 186, 1, 0, 6.28%, 21, 0, 24, 427.35, 1043620, 7754, 1515, 0
1260, 24, 174, 186, 0, 0, 6.28%, 21, 0, 24, 632.87, 1046576, 7754, 1522, 0
1265, 24, 117, 186, 0, 0, 6.28%, 21, 0, 24, 808.06, 1050850, 7754, 1529, 0
1270, 25, 144, 186, 0, 0, 6.28%, 21, 0, 24, 847.30, 1055293, 7754, 1535, 0
1275, 25, 39, 186, 0, 0, 6.28%, 21, 0, 24, 888.96, 1061234, 7754, 1540, 0
1281, 25, 111, 186, 0, 0, 6.28%, 21, 0, 24, 964.08, 1065967, 7754, 1549, 0
1286, 25, 81, 186, 0, 0, 6.28%, 21, 0, 24, 980.55, 1070939, 7754, 1552, 0
1291, 25, 103, 186, 0, 0, 6.28%, 21, 0, 24, 899.74, 1075539, 7754, 1558, 0
1296, 25, 109, 186, 0, 0, 6.28%, 21, 0, 24, 979.29, 1080725, 7754, 1561, 0
1301, 25, 86, 186, 0, 0, 6.28%, 21, 0, 24, 960.51, 1085527, 7754, 1567, 0
1306, 25, 120, 186, 0, 0, 6.28%, 21, 0, 24, 1027.14, 1091749, 7754, 1571, 0
1311, 25, 100, 186, 0, 0, 6.28%, 21, 0, 24, 955.09, 1096433, 7754, 1580, 0
1316, 26, 113, 186, 0, 0, 6.28%, 21, 0, 24, 949.29, 1101273, 7754, 1586, 0
1322, 26, 81, 186, 0, 0, 6.28%, 21, 0, 24, 946.72, 1106092, 7754, 1588, 0
1327, 26, 113, 186, 0, 0, 6.28%, 21, 0, 24, 985.11, 1111110, 7754, 1590, 0
1332, 26, 124, 186, 0, 0, 6.28%, 21, 0, 24, 1049.97, 1116493, 7754, 1592, 0
1337, 26, 117, 186, 0, 0, 6.28%, 21, 0, 24, 777.77, 1122184, 7754, 1606, 0
1342, 26, 52, 186, 0, 0, 6.28%, 21, 0, 24, 953.92, 1127182, 7754, 1612, 0
1347, 26, 174, 186, 0, 0, 6.28%, 21, 0, 24, 197.02, 1131054, 7754, 1625, 0
1352, 26, 76, 186, 0, 0, 6.28%, 21, 0, 24, 844.88, 1136081, 7754, 1630, 0
1357, 26, 124, 186, 0, 0, 6.28%, 21, 0, 24, 960.76, 1140848, 7754, 1634, 0
1362, 26, 145, 186, 0, 0, 6.28%, 21, 0, 24, 869.86, 1145286, 7754, 1638, 0
1362, 26, 103, 186, 0, 0, 6.28%, 21, 0, 24, 0.00, 1146531, 7754, 1641, 0
1367, 27, 97, 186, 0, 0, 6.28%, 21, 0, 24, 920.59, 1151183, 7754, 1649, 0
1372, 27, 39, 186, 0, 0, 6.28%, 21, 0, 24, 903.21, 1155883, 7754, 1652, 0
1378, 27, 95, 186, 0, 0, 6.28%, 21, 0, 24, 958.76, 1160706, 7754, 1655, 0
1383, 27, 168, 186, 0, 0, 6.28%, 21, 0, 24, 859.78, 1165191, 7754, 1667, 0
1388, 27, 174, 186, 0, 0, 6.28%, 21, 0, 24, 926.71, 1170156, 7754, 1673, 0
1393, 27, 184, 186, 0, 0, 6.28%, 21, 0, 24, 838.94, 1174438, 7754, 1678, 0
1393, 27, 184, 186, 0, 0, 6.28%, 21, 0, 24, 0.00, 1175007, 7754, 1686, 0
1398, 27, 174, 186, 0, 0, 6.28%, 21, 0, 24, 645.20, 1178579, 7754, 1700, 0
1403, 27, 99, 186, 0, 0, 6.28%, 21, 0, 24, 928.40, 1183451, 7754, 1703, 0
1408, 27, 186, 187, 0, 0, 6.28%, 21, 0, 24, 989.23, 1188420, 7755, 1710, 0
1413, 27, 148, 187, 0, 0, 6.28%, 21, 0, 24, 964.58, 1193497, 7755, 1712, 0
1418, 27, 179, 187, 0, 0, 6.28%, 21, 0, 24, 846.51, 1197743, 7755, 1720, 0
1423, 28, 46, 188, 1, 0, 6.28%, 21, 0, 24, 893.65, 1201872, 7755, 1728, 0
1428, 28, 144, 188, 1, 0, 6.28%, 21, 0, 24, 737.55, 1207799, 7755, 1740, 0
1433, 28, 187, 188, 1, 0, 6.28%, 21, 0, 24, 650.94, 1211395, 7755, 1742, 0
1439, 28, 187, 190, 3, 0, 6.28%, 21, 0, 24, 360.76, 1212780, 7755, 1747, 0
1444, 28, 187, 190, 3, 0, 6.28%, 21, 0, 24, 282.11, 1214099, 7755, 1761, 0
1449, 28, 124, 190, 2, 0, 6.28%, 21, 0, 24, 519.37, 1216605, 7755, 1773, 0
1454, 28, 189, 190, 2, 0, 6.28%, 21, 0, 24, 161.71, 1219679, 7755, 1778, 0
1459, 28, 188, 190, 1, 0, 6.28%, 21, 0, 24, 398.22, 1222047, 7755, 1788, 0
1464, 28, 86, 191, 1, 0, 6.28%, 21, 0, 24, 431.19, 1224159, 7755, 1808, 0
1469, 28, 35, 191, 1, 0, 6.28%, 21, 0, 24, 830.34, 1228925, 7755, 1815, 0
1474, 28, 124, 191, 1, 0, 6.28%, 21, 0, 24, 1014.24, 1234173, 7755, 1816, 0
1479, 28, 190, 191, 1, 0, 6.28%, 21, 0, 24, 969.94, 1239223, 7755, 1819, 0
1484, 28, 190, 191, 1, 0, 6.28%, 21, 0, 24, 253.81, 1240735, 7755, 1823, 0
1490, 28, 177, 191, 0, 0, 6.28%, 21, 0, 24, 1085.71, 1246606, 7755, 1828, 0
1495, 28, 186, 191, 0, 0, 6.28%, 21, 0, 24, 1030.00, 1251590, 7755, 1829, 0
1500, 28, 40, 191, 0, 0, 6.28%, 21, 0, 24, 965.63, 1256463, 7755, 1834, 0
1505, 29, 66, 192, 1, 0, 6.28%, 21, 0, 24, 916.85, 1261082, 7755, 1841, 0
1510, 29, 191, 192, 1, 0, 6.28%, 21, 0, 24, 817.55, 1265640, 7755, 1852, 0
1515, 29, 117, 192, 0, 0, 6.28%, 21, 0, 24, 1004.30, 1270934, 7755, 1856, 0
1515, 29, 103, 192, 0, 0, 6.28%, 21, 0, 24, 0.00, 1272494, 7755, 1858, 0
1520, 29, 18, 192, 0, 0, 6.28%, 21, 0, 24, 936.11, 1277670, 7755, 1864, 0
1525, 29, 185, 192, 0, 0, 6.28%, 21, 0, 24, 959.95, 1282282, 7755, 1868, 0
1530, 29, 113, 192, 0, 0, 6.28%, 21, 0, 24, 1060.88, 1286884, 7755, 1872, 0
1536, 29, 111, 192, 0, 0, 6.28%, 21, 0, 24, 1012.45, 1291954, 7755, 1875, 0
1541, 29, 117, 192, 0, 0, 6.28%, 21, 0, 24, 1026.40, 1297334, 7755, 1876, 0
1546, 29, 81, 192, 0, 0, 6.28%, 21, 0, 24, 1065.34, 1302541, 7755, 1880, 0
1545, 29, 48, 192, 0, 0, 6.28%, 21, 0, 24, 0.00, 1303949, 7755, 1881, 0
1550, 29, 186, 192, 0, 0, 6.28%, 21, 0, 24, 918.21, 1308332, 7755, 1889, 0
1556, 29, 39, 192, 0, 0, 6.28%, 21, 0, 24, 934.78, 1313262, 7755, 1892, 0
1561, 30, 103, 192, 0, 0, 6.28%, 21, 0, 24, 971.42, 1318241, 7755, 1894, 0
1566, 30, 86, 192, 0, 0, 6.28%, 21, 0, 24, 956.63, 1322832, 7755, 1904, 0
1571, 30, 58, 192, 0, 0, 6.28%, 21, 0, 24, 969.72, 1327615, 7755, 1912, 0
1576, 30, 90, 192, 0, 0, 6.28%, 21, 0, 24, 930.90, 1332106, 7755, 1921, 0
1576, 30, 79, 192, 0, 0, 6.28%, 21, 0, 24, 0.00, 1333570, 7755, 1922, 0
1581, 30, 76, 192, 0, 0, 6.28%, 21, 0, 24, 862.36, 1338048, 7755, 1931, 0
1586, 30, 43, 192, 0, 0, 6.28%, 21, 0, 24, 954.99, 1343006, 7755, 1932, 0
1591, 30, 115, 192, 0, 0, 6.28%, 21, 0, 24, 1018.77, 1348414, 7755, 1934, 0
1596, 30, 19, 192, 0, 0, 6.28%, 21, 0, 24, 990.72, 1353520, 7755, 1935, 0
1602, 30, 155, 192, 0, 0, 6.28%, 21, 0, 24, 965.27, 1358674, 7755, 1937, 0
1607, 30, 123, 192, 0, 0, 6.28%, 21, 0, 24, 988.51, 1363608, 7755, 1941, 0
1606, 30, 142, 192, 0, 0, 6.28%, 21, 0, 24, 0.00, 1364953, 7755, 1943, 0
1612, 31, 18, 192, 0, 0, 6.28%, 21, 0, 24, 790.22, 1369279, 7755, 1951, 0
1617, 31, 20, 192, 0, 0, 6.28%, 21, 0, 24, 947.37, 1374266, 7755, 1954, 0
1622, 31, 164, 192, 0, 0, 6.28%, 21, 0, 24, 847.97, 1378397, 7755, 1964, 0
1627, 31, 90, 192, 0, 0, 6.28%, 21, 0, 24, 820.55, 1382359, 7755, 1971, 0
1632, 31, 114, 192, 0, 0, 6.28%, 21, 0, 24, 1026.42, 1387879, 7755, 1972, 0
1637, 31, 51, 192, 0, 0, 6.28%, 21, 0, 24, 949.72, 1392521, 7755, 1976, 0
1637, 31, 117, 192, 0, 0, 6.28%, 21, 0, 24, 0.00, 1394033, 7755, 1976, 0
1642, 31, 86, 192, 0, 0, 6.28%, 21, 0, 24, 1014.32, 1398909, 7755, 1978, 0
1647, 31, 128, 192, 0, 0, 6.28%, 21, 0, 24, 981.89, 1403676, 7755, 1983, 0
1652, 31, 86, 192, 0, 0, 6.28%, 21, 0, 24, 946.03, 1408255, 7755, 1989, 0
1657, 31, 113, 192, 0, 0, 6.28%, 21, 0, 24, 975.04, 1413187, 7755, 1995, 0
1662, 32, 76, 192, 0, 0, 6.28%, 21, 0, 24, 943.77, 1417802, 7755, 1998, 0
1667, 32, 76, 192, 0, 0, 6.28%, 21, 0, 24, 953.17, 1422696, 7755, 2001, 0
1672, 32, 186, 192, 0, 0, 6.28%, 21, 0, 24, 970.31, 1429595, 7755, 2006, 0
1678, 32, 103, 192, 0, 0, 6.28%, 21, 0, 24, 1033.65, 1434894, 7755, 2010, 0
1683, 32, 100, 192, 0, 0, 6.28%, 21, 0, 24, 1048.20, 1440091, 7755, 2012, 0
1688, 32, 75, 192, 0, 0, 6.28%, 21, 0, 24, 851.70, 1443931, 7755, 2028, 0
1693, 32, 47, 192, 0, 0, 6.28%, 21, 0, 24, 980.48, 1449070, 7755, 2035, 0
1698, 32, 86, 192, 0, 0, 6.28%, 21, 0, 24, 914.51, 1453714, 7755, 2040, 0
1703, 32, 94, 192, 0, 0, 6.28%, 21, 0, 24, 1043.77, 1460717, 7755, 2040, 0
1708, 32, 46, 192, 0, 0, 6.28%, 21, 0, 24, 984.56, 1465539, 7755, 2045, 0
1713, 33, 100, 192, 0, 0, 6.28%, 21, 0, 24, 896.22, 1469802, 7755, 2052, 0
1718, 33, 76, 192, 0, 0, 6.28%, 21, 0, 24, 982.22, 1474896, 7755, 2058, 0
1723, 33, 181, 192, 0, 0, 6.28%, 21, 0, 24, 919.03, 1479746, 7755, 2062, 0
1729, 33, 188, 193, 1, 0, 6.28%, 21, 0, 24, 434.01, 1481418, 7755, 2072, 0
1734, 33, 192, 193, 1, 0, 6.28%, 21, 0, 24, 710.38, 1485534, 7755, 2081, 0
1739, 33, 192, 193, 1, 0, 6.28%, 21, 0, 24, 357.64, 1486731, 7755, 2081, 0
1744, 33, 192, 194, 2, 0, 6.28%, 21, 0, 25, 302.77, 1488045, 7755, 2094, 0
1749, 33, 117, 194, 1, 0, 6.28%, 21, 0, 25, 724.19, 1491936, 7755, 2105, 0
1754, 33, 189, 194, 1, 0, 6.28%, 21, 0, 25, 858.95, 1496692, 7755, 2109, 0
1759, 33, 181, 194, 1, 0, 6.28%, 21, 0, 25, 866.05, 1501450, 7755, 2111, 0
1764, 33, 113, 194, 1, 0, 6.28%, 21, 0, 25, 915.36, 1507615, 7755, 2125, 0
1770, 33, 193, 194, 1, 0, 6.28%, 21, 0, 25, 683.57, 1511312, 7755, 2130, 0
1775, 33, 193, 194, 1, 0, 6.28%, 21, 0, 25, 174.07, 1512393, 7755, 2130, 0
1780, 33, 193, 196, 3, 0, 6.28%, 21, 0, 26, 257.18, 1513820, 7755, 2153, 0
1785, 33, 193, 196, 3, 0, 6.28%, 21, 0, 26, 331.46, 1515603, 7755, 2173, 0
1790, 33, 90, 196, 2, 0, 6.28%, 21, 0, 26, 797.01, 1520235, 7755, 2179, 0
1795, 33, 43, 196, 2, 0, 6.28%, 21, 0, 26, 1073.76, 1527258, 7755, 2180, 0
1800, 34, 195, 196, 2, 0, 6.28%, 21, 0, 26, 191.31, 1529897, 7755, 2181, 0
1805, 34, 195, 196, 2, 0, 6.28%, 21, 0, 26, 275.74, 1531297, 7755, 2189, 0
1810, 34, 194, 196, 1, 0, 6.28%, 21, 0, 26, 624.85, 1535216, 7755, 2194, 0
1815, 34, 194, 196, 1, 0, 6.28%, 21, 0, 26, 303.00, 1536332, 7755, 2194, 0
1820, 34, 90, 196, 0, 0, 6.28%, 21, 0, 26, 476.96, 1538672, 7755, 2207, 0
1825, 34, 73, 196, 0, 0, 6.28%, 21, 0, 26, 840.68, 1544904, 7755, 2215, 0
1830, 34, 56, 196, 0, 0, 6.28%, 21, 0, 26, 836.82, 1549157, 7755, 2226, 0
1836, 34, 190, 196, 0, 0, 6.28%, 21, 0, 26, 789.21, 1553450, 7755, 2231, 0
1841, 34, 195, 197, 1, 0, 6.28%, 21, 0, 27, 159.94, 1556177, 7755, 2237, 0
1846, 34, 195, 197, 1, 0, 6.28%, 21, 0, 27, 181.41, 1557155, 7755, 2242, 0
1851, 34, 76, 197, 1, 0, 6.28%, 21, 0, 27, 1109.53, 1559692, 7755, 2252, 0
1851, 34, 103, 197, 1, 0, 6.28%, 21, 0, 27, 0.00, 1561418, 7755, 2252, 0
1856, 34, 196, 197, 1, 0, 6.28%, 21, 0, 27, 315.46, 1562726, 7755, 2253, 0
1861, 34, 196, 198, 2, 0, 6.28%, 21, 0, 28, 207.66, 1563600, 7755, 2257, 0
1866, 34, 196, 198, 2, 0, 6.28%, 21, 0, 28, 182.60, 1564507, 7755, 2268, 0
1872, 34, 20, 198, 1, 0, 6.28%, 21, 0, 28, 662.38, 1567671, 7755, 2271, 0
1877, 34, 147, 198, 1, 0, 6.28%, 21, 0, 28, 734.44, 1571655, 7755, 2280, 0
1882, 34, 197, 198, 1, 0, 6.28%, 21, 0, 28, 738.62, 1575805, 7755, 2286, 0
1882, 34, 197, 198, 1, 0, 6.28%, 21, 0, 28, 0.00, 1576205, 7755, 2286, 0
1887, 34, 197, 198, 1, 0, 6.28%, 21, 0, 28, 253.10, 1577492, 7755, 2291, 0
1892, 34, 197, 198, 0, 0, 6.28%, 21, 0, 28, 531.31, 1580578, 7755, 2304, 0
1897, 34, 117, 198, 0, 0, 6.28%, 21, 0, 28, 853.35, 1584995, 7755, 2312, 0
1902, 34, 127, 198, 0, 0, 6.28%, 21, 0, 28, 961.48, 1589833, 7755, 2313, 0
1907, 35, 144, 198, 0, 0, 6.28%, 21, 0, 28, 992.03, 1595099, 7755, 2314, 0
1912, 35, 81, 198, 0, 0, 6.28%, 21, 0, 28, 881.02, 1599287, 7755, 2320, 0
1912, 35, 81, 198, 0, 0, 6.28%, 21, 0, 28, 0.00, 1600991, 7755, 2321, 0
1917, 35, 117, 198, 0, 0, 6.28%, 21, 0, 28, 872.68, 1605820, 7755, 2326, 0
1922, 35, 113, 198, 0, 0, 6.28%, 21, 0, 28, 770.23, 1609625, 7755, 2336, 0
1927, 35, 57, 198, 0, 0, 6.28%, 21, 0, 28, 904.61, 1614368, 7755, 2338, 0
1932, 35, 195, 198, 0, 0, 6.28%, 21, 0, 28, 178.98, 1615281, 7755, 2354, 0
1938, 35, 194, 199, 1, 0, 6.28%, 21, 0, 28, 187.98, 1617687, 7755, 2360, 0
1943, 35, 194, 199, 1, 0, 6.28%, 21, 0, 28, 194.07, 1618689, 7755, 2369, 0
1943, 35, 194, 199, 1, 0, 6.28%, 21, 0, 28, 0.00, 1619034, 7755, 2373, 0
1948, 35, 81, 199, 1, 0, 6.28%, 21, 0, 28, 988.08, 1624069, 7755, 2378, 0
1953, 35, 103, 199, 1, 0, 6.28%, 21, 0, 28, 855.25, 1628511, 7755, 2385, 0
1958, 35, 192, 199, 1, 0, 6.28%, 21, 0, 28, 693.84, 1632189, 7755, 2389, 0
1963, 35, 198, 199, 1, 0, 6.28%, 21, 0, 28, 721.57, 1635866, 7755, 2398, 0
1968, 35, 198, 199, 1, 0, 6.28%, 21, 0, 28, 346.34, 1637061, 7755, 2398, 0
1973, 35, 198, 201, 3, 0, 6.28%, 21, 0, 28, 291.92, 1638384, 7755, 2407, 0
1973, 35, 198, 201, 3, 0, 6.28%, 21, 0, 28, 0.00, 1638879, 7755, 2412, 0
1978, 35, 198, 201, 3, 0, 6.28%, 21, 0, 28, 258.98, 1640374, 7755, 2427, 0
1983, 35, 200, 201, 2, 0, 6.28%, 21, 0, 28, 519.17, 1643004, 7755, 2436, 0
1989, 35, 200, 201, 2, 0, 6.28%, 21, 0, 28, 253.06, 1643944, 7755, 2436, 0
1994, 35, 200, 204, 5, 0, 6.28%, 21, 0, 29, 251.65, 1645188, 7755, 2453, 0
1999, 35, 200, 205, 6, 0, 6.28%, 21, 0, 29, 257.87, 1646515, 7755, 2474, 0
2004, 35, 200, 206, 7, 0, 6.28%, 21, 0, 29, 283.54, 1647972, 7755, 2492, 0
2004, 35, 200, 206, 7, 0, 6.28%, 21, 0, 29, 0.00, 1648427, 7755, 2494, 0
2009, 35, 200, 206, 7, 0, 6.28%, 21, 0, 29, 247.50, 1649852, 7755, 2512, 0
2014, 35, 200, 207, 8, 0, 6.28%, 21, 0, 29, 282.76, 1651309, 7755, 2530, 0
2019, 35, 165, 207, 7, 0, 6.28%, 21, 0, 29, 525.32, 1653914, 7755, 2544, 0
2024, 35, 202, 207, 7, 0, 6.28%, 21, 0, 29, 162.29, 1658186, 7755, 2544, 0
2029, 35, 202, 207, 7, 0, 6.28%, 21, 0, 29, 164.25, 1659071, 7755, 2544, 0
2034, 35, 201, 207, 6, 0, 6.28%, 21, 0, 29, 413.93, 1661192, 7755, 2552, 0
2034, 35, 201, 207, 6, 0, 6.28%, 21, 0, 29, 0.00, 1661488, 7755, 2552, 0
2039, 35, 201, 207, 6, 0, 6.28%, 21, 0, 29, 167.79, 1662385, 7755, 2556, 0
2044, 35, 205, 207, 5, 0, 6.28%, 21, 0, 29, 210.24, 1663828, 7755, 2560, 0
2049, 35, 167, 207, 4, 0, 6.28%, 21, 0, 29, 1169.95, 1665492, 7755, 2567, 0
2054, 35, 203, 207, 4, 0, 6.28%, 21, 0, 29, 204.32, 1667815, 7755, 2568, 0
2060, 35, 203, 207, 4, 0, 6.28%, 21, 0, 29, 173.06, 1668655, 7755, 2575, 0
2065, 36, 204, 207, 3, 0, 6.28%, 21, 0, 29, 1043.81, 1671360, 7755, 2581, 0
2065, 36, 204, 207, 3, 0, 6.28%, 21, 0, 29, 0.00, 1671693, 7755, 2581, 0
2070, 36, 204, 207, 3, 0, 6.28%, 21, 0, 29, 195.48, 1672803, 7755, 2581, 0
2075, 36, 204, 207, 3, 0, 6.28%, 21, 0, 29, 210.75, 1673805, 7755, 2591, 0
2080, 36, 206, 207, 2, 0, 6.28%, 21, 0, 29, 504.30, 1676821, 7755, 2596, 0
2085, 36, 206, 210, 5, 0, 6.28%, 22, 0, 30, 268.94, 1677910, 7755, 2597, 0
2090, 36, 206, 210, 5, 0, 6.28%, 22, 0, 30, 221.39, 1678926, 7755, 2599, 0
2095, 36, 206, 210, 5, 0, 6.28%, 22, 0, 30, 209.80, 1679974, 7755, 2599, 0
2095, 36, 206, 210, 5, 0, 6.28%, 22, 0, 30, 0.00, 1680258, 7755, 2600, 0
2100, 36, 206, 211, 6, 0, 6.28%, 22, 0, 30, 202.77, 1681297, 7755, 2602, 0
2105, 36, 206, 211, 6, 0, 6.28%, 22, 0, 30, 211.68, 1682349, 7755, 2602, 0
2110, 36, 206, 211, 6, 0, 6.28%, 22, 0, 30, 211.26, 1683441, 7755, 2602, 0
2115, 36, 206, 211, 6, 0, 6.28%, 22, 0, 30, 200.64, 1684425, 7755, 2602, 0
2121, 36, 206, 211, 6, 0, 6.28%, 22, 0, 30, 197.78, 1685446, 7755, 2602, 0
2126, 36, 81, 211, 5, 0, 6.28%, 22, 0, 30, 754.51, 1689447, 7755, 2603, 0
2126, 36, 34, 211, 5, 0, 6.28%, 22, 0, 30, 0.00, 1691143, 7755, 2604, 0
2131, 36, 207, 211, 5, 0, 6.28%, 22, 0, 30, 190.83, 1694302, 7755, 2604, 0
2136, 36, 147, 211, 4, 0, 6.28%, 22, 0, 30, 376.79, 1696237, 7755, 2609, 0
2141, 36, 209, 211, 4, 0, 6.28%, 22, 0, 30, 441.53, 1699080, 7755, 2610, 0
2146, 36, 209, 211, 4, 0, 6.28%, 22, 0, 30, 310.39, 1700467, 7755, 2610, 0
2151, 36, 201, 213, 5, 0, 6.28%, 22, 0, 30, 316.79, 1702552, 7755, 2612, 0
2157, 36, 201, 213, 5, 0, 6.28%, 22, 0, 30, 192.12, 1703353, 7755, 2620, 0
2156, 36, 201, 213, 5, 0, 6.28%, 22, 0, 30, 0.00, 1703539, 7755, 2623, 0
2161, 36, 27, 213, 5, 0, 6.28%, 22, 0, 30, 1125.10, 1705802, 7755, 2630, 0
2166, 36, 211, 213, 5, 0, 6.28%, 22, 0, 30, 166.70, 1706881, 7755, 2630, 0
2172, 36, 211, 213, 5, 0, 6.28%, 22, 0, 30, 159.42, 1707829, 7755, 2630, 0
2177, 36, 211, 213, 5, 0, 6.28%, 22, 0, 30, 165.38, 1708668, 7755, 2637, 0
2182, 36, 199, 213, 4, 0, 6.28%, 22, 0, 30, 497.50, 1710375, 7755, 2638, 0
2187, 36, 28, 213, 3, 0, 6.28%, 22, 0, 30, 257.99, 1711419, 7755, 2641, 0
2187, 36, 208, 213, 3, 0, 6.28%, 22, 0, 30, 0.00, 1712476, 7755, 2641, 0
2192, 36, 208, 213, 3, 0, 6.28%, 22, 0, 30, 363.37, 1714479, 7755, 2641, 0
2197, 36, 210, 213, 2, 0, 6.28%, 22, 0, 30, 514.74, 1717406, 7755, 2643, 0
2202, 36, 210, 213, 2, 0, 6.28%, 22, 0, 30, 424.28, 1719339, 7755, 2643, 0
2207, 36, 86, 213, 1, 0, 6.28%, 22, 0, 30, 596.00, 1722399, 7755, 2650, 0
2212, 36, 113, 213, 1, 0, 6.28%, 22, 0, 30, 870.93, 1727147, 7755, 2654, 0
2217, 36, 208, 213, 1, 0, 6.28%, 22, 0, 30, 499.29, 1729599, 7755, 2654, 0
2217, 36, 212, 213, 1, 0, 6.28%, 22, 0, 30, 0.00, 1730701, 7755, 2655, 0
2222, 36, 212, 213, 1, 0, 6.28%, 22, 0, 30, 178.88, 1731675, 7755, 2655, 0
2228, 36, 201, 213, 0, 0, 6.28%, 22, 0, 30, 133.03, 1734287, 7755, 2663, 0
2233, 36, 103, 213, 0, 0, 6.28%, 22, 0, 30, 959.06, 1738017, 7755, 2669, 0
2238, 36, 117, 213, 0, 0, 6.28%, 22, 0, 30, 992.62, 1743029, 7755, 2671, 0
2243, 36, 100, 213, 0, 0, 6.28%, 22, 0, 30, 917.39, 1747324, 7755, 2676, 0
2248, 36, 86, 213, 0, 0, 6.28%, 22, 0, 30, 980.82, 1752350, 7755, 2677, 0
2248, 36, 179, 213, 0, 0, 6.28%, 22, 0, 30, 0.00, 1753079, 7755, 2687, 0
2253, 36, 86, 213, 0, 0, 6.28%, 22, 0, 30, 754.69, 1757031, 7755, 2696, 0
2258, 36, 205, 213, 0, 0, 6.28%, 22, 0, 30, 656.29, 1760225, 7755, 2711, 0
2263, 36, 103, 213, 0, 0, 6.28%, 22, 0, 30, 1071.43, 1764168, 7755, 2716, 0
2268, 37, 144, 213, 0, 0, 6.28%, 22, 0, 30, 779.80, 1768016, 7755, 2721, 0
2274, 37, 134, 213, 0, 0, 6.28%, 22, 0, 30, 877.08, 1772663, 7755, 2727, 0
2279, 37, 186, 213, 0, 0, 6.28%, 22, 0, 30, 912.63, 1777107, 7755, 2736, 0
2278, 37, 30, 213, 0, 0, 6.28%, 22, 0, 30, 0.00, 1778658, 7755, 2736, 0
2283, 37, 86, 213, 0, 0, 6.28%, 22, 0, 30, 773.63, 1782496, 7755, 2745, 0
2288, 37, 174, 213, 0, 0, 6.28%, 22, 0, 30, 612.20, 1785297, 7755, 2755, 0
2294, 37, 76, 213, 0, 0, 6.28%, 22, 0, 30, 827.71, 1789709, 7755, 2760, 0
2299, 37, 124, 213, 0, 0, 6.28%, 22, 0, 30, 930.09, 1794641, 7755, 2765, 0
2304, 37, 39, 213, 0, 0, 6.28%, 22, 0, 30, 945.61, 1799573, 7755, 2770, 0
2309, 37, 76, 213, 0, 0, 6.28%, 22, 0, 30, 967.15, 1804536, 7755, 2773, 0
2314, 37, 43, 213, 0, 0, 6.28%, 22, 0, 30, 938.64, 1810827, 7755, 2782, 0
2319, 37, 104, 213, 0, 0, 6.28%, 22, 0, 30, 471.76, 1813910, 7755, 2798, 0
2324, 37, 100, 213, 0, 0, 6.28%, 22, 0, 30, 925.69, 1819193, 7755, 2800, 0
2329, 37, 90, 213, 0, 0, 6.28%, 22, 0, 30, 936.28, 1824089, 7755, 2808, 0
2335, 38, 70, 213, 0, 0, 6.28%, 22, 0, 30, 934.48, 1828820, 7755, 2809, 0
2340, 38, 203, 213, 0, 0, 6.28%, 22, 0, 30, 134.42, 1832317, 7755, 2817, 0
2339, 38, 113, 213, 0, 0, 6.28%, 22, 0, 30, 0.00, 1833451, 7755, 2819, 0
2345, 38, 190, 213, 0, 0, 6.28%, 22, 0, 30, 752.42, 1837346, 7755, 2830, 0
2350, 38, 123, 213, 0, 0, 6.28%, 22, 0, 30, 798.59, 1840506, 7755, 2840, 0
2355, 38, 209, 213, 0, 0, 6.28%, 22, 0, 30, 491.80, 1842811, 7755, 2843, 0
2360, 38, 111, 213, 0, 0, 6.28%, 22, 0, 30, 654.82, 1846167, 7755, 2857, 0
2365, 38, 186, 213, 0, 0, 6.28%, 22, 0, 30, 705.91, 1850074, 7755, 2867, 0
2370, 38, 106, 213, 0, 0, 6.28%, 22, 0, 30, 795.56, 1854501, 7755, 2871, 0
2370, 38, 141, 213, 0, 0, 6.28%, 22, 0, 30, 0.00, 1855272, 7755, 2875, 0
2375, 38, 76, 213, 0, 0, 6.28%, 22, 0, 30, 549.74, 1858221, 7755, 2892, 0
2380, 38, 78, 213, 0, 0, 6.28%, 22, 0, 30, 602.79, 1861183, 7755, 2896, 0
2385, 38, 30, 213, 0, 0, 6.28%, 22, 0, 30, 950.92, 1866573, 7755, 2896, 0
2390, 38, 51, 213, 0, 0, 6.28%, 22, 0, 30, 919.69, 1871349, 7755, 2902, 0
2395, 38, 210, 213, 0, 0, 6.28%, 22, 0, 30, 639.98, 1874495, 7755, 2910, 0
2400, 38, 173, 213, 0, 0, 6.28%, 22, 0, 30, 579.15, 1877053, 7755, 2913, 0
2400, 38, 166, 213, 0, 0, 6.28%, 22, 0, 30, 0.00, 1878315, 7755, 2914, 0
2406, 38, 76, 213, 0, 0, 6.28%, 22, 0, 30, 584.98, 1881605, 7755, 2926, 0
2411, 38, 123, 213, 0, 0, 6.28%, 22, 0, 30, 669.28, 1884794, 7755, 2943, 0
2416, 38, 46, 213, 0, 0, 6.28%, 22, 0, 30, 732.78, 1888494, 7755, 2951, 0
2421, 38, 90, 213, 0, 0, 6.28%, 22, 0, 30, 811.79, 1892846, 7755, 2956, 0
2426, 39, 203, 213, 0, 0, 6.28%, 22, 0, 30, 146.92, 1897024, 7755, 2961, 0
2431, 39, 86, 213, 0, 0, 6.28%, 22, 0, 30, 928.27, 1900816, 7755, 2963, 0
2431, 39, 48, 213, 0, 0, 6.28%, 22, 0, 30, 0.00, 1902016, 7755, 2963, 0
2436, 39, 124, 213, 0, 0, 6.28%, 22, 0, 30, 1150.00, 1905500, 7755, 2971, 0
2441, 39, 123, 213, 0, 0, 6.28%, 22, 0, 30, 956.19, 1909215, 7755, 2975, 0
2446, 39, 86, 213, 0, 0, 6.28%, 22, 0, 30, 561.53, 1913371, 7755, 2984, 0
2451, 39, 148, 213, 0, 0, 6.28%, 22, 0, 30, 680.21, 1917265, 7755, 2990, 0
2456, 39, 81, 213, 0, 0, 6.28%, 22, 0, 30, 557.24, 1920131, 7755, 2991, 0
2461, 39, 123, 213, 0, 0, 6.28%, 22, 0, 30, 856.72, 1924739, 7755, 2995, 0
2461, 39, 43, 213, 0, 0, 6.28%, 22, 0, 30, 0.00, 1926150, 7755, 2997, 0
2466, 39, 203, 213, 0, 0, 6.28%, 22, 0, 30, 96.77, 1929367, 7755, 3002, 0
2471, 39, 40, 213, 0, 0, 6.28%, 22, 0, 30, 887.97, 1932419, 7755, 3004, 0
2477, 39, 145, 213, 0, 0, 6.28%, 22, 0, 30, 861.47, 1936806, 7755, 3009, 0
2482, 39, 117, 213, 0, 0, 6.28%, 22, 0, 30, 743.59, 1940479, 7755, 3020, 0
2487, 39, 180, 213, 0, 0, 6.28%, 22, 0, 30, 674.66, 1943946, 7755, 3027, 0
2492, 39, 46, 213, 0, 0, 6.28%, 22, 0, 30, 199.94, 1947515, 7755, 3036, 0
2492, 39, 39, 213, 0, 0, 6.28%, 22, 0, 30, 0.00, 1948811, 7755, 3036, 0
2497, 39, 81, 213, 0, 0, 6.28%, 22, 0, 30, 909.78, 1953233, 7755, 3041, 0
2502, 39, 76, 213, 0, 0, 6.28%, 22, 0, 30, 797.60, 1957208, 7755, 3045, 0
2507, 39, 178, 213, 0, 0, 6.28%, 22, 0, 30, 805.40, 1961364, 7755, 3047, 0
2512, 40, 167, 213, 0, 0, 6.28%, 22, 0, 30, 777.84, 1965256, 7755, 3055, 0
2517, 40, 103, 213, 0, 0, 6.28%, 22, 0, 30, 759.99, 1969116, 7755, 3066, 0
2522, 40, 48, 213, 0, 0, 6.28%, 22, 0, 30, 870.02, 1973416, 7755, 3069, 0
2522, 40, 52, 213, 0, 0, 6.28%, 22, 0, 30, 0.00, 1974282, 7755, 3072, 0
2527, 40, 113, 213, 0, 0, 6.28%, 22, 0, 30, 769.71, 1978196, 7755, 3080, 0
2532, 40, 114, 213, 0, 0, 6.28%, 22, 0, 30, 844.19, 1982349, 7755, 3080, 0
2538, 40, 186, 213, 0, 0, 6.28%, 22, 0, 30, 912.11, 1986927, 7755, 3081, 0
2543, 40, 165, 213, 0, 0, 6.28%, 22, 0, 30, 809.08, 1991014, 7755, 3089, 0
2548, 40, 211, 213, 0, 0, 6.28%, 22, 0, 30, 885.00, 1995616, 7755, 3091, 0
2553, 40, 184, 213, 0, 0, 6.28%, 22, 0, 30, 533.82, 1997807, 7755, 3103, 0
2558, 40, 79, 213, 0, 0, 6.28%, 22, 0, 30, 821.89, 2003932, 7755, 3109, 0
2563, 40, 86, 213, 0, 0, 6.28%, 22, 0, 30, 615.46, 2007125, 7755, 3118, 0
2568, 40, 164, 213, 0, 0, 6.28%, 22, 0, 30, 747.69, 2011351, 7755, 3126, 0
2573, 40, 183, 213, 0, 0, 6.28%, 22, 0, 30, 771.04, 2015296, 7755, 3135, 0
2578, 40, 30, 213, 0, 0, 6.28%, 22, 0, 30, 800.63, 2019546, 7755, 3147, 0
2584, 40, 100, 213, 0, 0, 6.28%, 22, 0, 30, 795.18, 2023566, 7755, 3156, 0
2584, 40, 125, 213, 0, 0, 6.28%, 22, 0, 30, 0.00, 2025047, 7755, 3158, 0
2589, 40, 204, 213, 0, 0, 6.28%, 22, 0, 30, 139.12, 2028696, 7755, 3168, 0
2594, 41, 142, 213, 0, 0, 6.28%, 22, 0, 30, 776.40, 2033136, 7755, 3169, 0
2599, 41, 51, 213, 0, 0, 6.28%, 22, 0, 30, 912.30, 2037896, 7755, 3174, 0
2604, 41, 114, 213, 0, 0, 6.28%, 22, 0, 30, 725.23, 2040848, 7755, 3182, 0
2609, 41, 28, 213, 0, 0, 6.28%, 22, 0, 30, 1009.77, 2044651, 7755, 3187, 0
2614, 41, 181, 213, 0, 0, 6.28%, 22, 0, 30, 745.64, 2048466, 7755, 3193, 0
2614, 41, 68, 213, 0, 0, 6.28%, 22, 0, 30, 0.00, 2049556, 7755, 3196, 0
2619, 41, 206, 213, 0, 0, 6.28%, 22, 0, 30, 816.81, 2053899, 7755, 3202, 0
2624, 41, 114, 213, 0, 0, 6.28%, 22, 0, 30, 802.73, 2056916, 7755, 3208, 0
2629, 41, 163, 213, 0, 0, 6.28%, 22, 0, 30, 1040.95, 2060335, 7755, 3211, 0
2634, 41, 36, 213, 0, 0, 6.28%, 22, 0, 30, 945.35, 2064795, 7755, 3213, 0
2639, 41, 81, 213, 0, 0, 6.28%, 22, 0, 30, 871.81, 2068770, 7755, 3220, 0
2645, 41, 100, 213, 0, 0, 6.28%, 22, 0, 30, 369.38, 2072057, 7755, 3226, 0
2645, 41, 186, 213, 0, 0, 6.28%, 22, 0, 30, 0.00, 2073659, 7755, 3226, 0
2650, 41, 203, 213, 0, 0, 6.28%, 22, 0, 30, 96.69, 2077133, 7755, 3232, 0
2655, 41, 117, 213, 0, 0, 6.28%, 22, 0, 30, 808.32, 2080881, 7755, 3238, 0
2660, 41, 211, 213, 0, 0, 6.28%, 22, 0, 30, 703.46, 2084846, 7755, 3246, 0
2665, 41, 207, 213, 0, 0, 6.28%, 22, 0, 30, 584.78, 2087474, 7755, 3252, 0
2670, 41, 39, 213, 0, 0, 6.28%, 22, 0, 30, 869.43, 2092013, 7755, 3257, 0
2675, 41, 90, 213, 0, 0, 6.28%, 22, 0, 30, 884.55, 2096663, 7755, 3263, 0
2675, 42, 103, 213, 0, 0, 6.28%, 22, 0, 30, 0.00, 2098202, 7755, 3263, 0
2680, 42, 212, 213, 0, 0, 6.28%, 22, 0, 30, 427.12, 2100134, 7755, 3273, 0
2685, 42, 76, 213, 0, 0, 6.28%, 22, 0, 30, 692.97, 2103809, 7755, 3276, 0
2690, 42, 51, 213, 0, 0, 6.28%, 22, 0, 30, 977.77, 2107528, 7755, 3283, 0
2695, 42, 208, 213, 0, 0, 6.28%, 22, 0, 30, 494.68, 2109676, 7755, 3284, 0
2700, 42, 30, 213, 0, 0, 6.28%, 22, 0, 30, 649.71, 2112620, 7755, 3287, 0
2706, 42, 111, 213, 0, 0, 6.28%, 22, 0, 30, 995.03, 2115340, 7755, 3292, 0
2706, 42, 124, 213, 0, 0, 6.28%, 22, 0, 30, 0.00, 2116172, 7755, 3295, 0
2711, 42, 30, 213, 0, 0, 6.28%, 22, 0, 30, 838.65, 2120174, 7755, 3301, 0
2716, 42, 86, 213, 0, 0, 6.28%, 22, 0, 30, 224.22, 2123445, 7755, 3308, 0
2721, 42, 81, 213, 0, 0, 6.28%, 22, 0, 30, 779.04, 2127866, 7755, 3314, 0
2726, 42, 103, 213, 0, 0, 6.28%, 22, 0, 30, 836.92, 2132375, 7755, 3323, 0
2731, 42, 10, 213, 0, 0, 6.28%, 22, 0, 30, 977.53, 2137389, 7755, 3326, 0
2736, 42, 90, 213, 0, 0, 6.28%, 22, 0, 30, 972.36, 2142289, 7755, 3331, 0
2736, 42, 90, 213, 0, 0, 6.28%, 22, 0, 30, 0.00, 2143700, 7755, 3331, 0
2741, 42, 203, 213, 0, 0, 6.28%, 22, 0, 30, 889.76, 2148255, 7755, 3338, 0
2746, 42, 103, 213, 0, 0, 6.28%, 22, 0, 30, 895.83, 2152552, 7755, 3343, 0
2752, 42, 75, 213, 0, 0, 6.28%, 22, 0, 30, 862.01, 2156539, 7755, 3345, 0
2757, 42, 75, 213, 0, 0, 6.28%, 22, 0, 30, 924.12, 2161267, 7755, 3350, 0
2762, 43, 113, 213, 0, 0, 6.28%, 22, 0, 30, 830.55, 2165049, 7755, 3354, 0
2767, 43, 194, 213, 0, 0, 6.28%, 22, 0, 30, 826.56, 2169489, 7755, 3358, 0
2767, 43, 204, 213, 0, 0, 6.28%, 22, 0, 30, 0.00, 2170355, 7755, 3360, 0
2772, 43, 124, 213, 0, 0, 6.28%, 22, 0, 30, 774.90, 2174796, 7755, 3364, 0
2777, 43, 168, 213, 0, 0, 6.28%, 22, 0, 30, 727.08, 2178143, 7755, 3370, 0
2782, 43, 163, 213, 0, 0, 6.28%, 22, 0, 30, 819.86, 2182411, 7755, 3375, 0
2787, 43, 201, 213, 0, 0, 6.28%, 22, 0, 30, 107.43, 2185307, 7755, 3383, 0
2792, 43, 211, 213, 0, 0, 6.28%, 22, 0, 30, 213.87, 2187937, 7755, 3392, 0
2797, 43, 111, 213, 0, 0, 6.28%, 22, 0, 30, 716.67, 2192205, 7755, 3399, 0
2802, 43, 201, 213, 0, 0, 6.28%, 22, 0, 30, 581.70, 2195899, 7755, 3401, 0
2807, 43, 74, 214, 1, 0, 6.28%, 22, 0, 30, 875.41, 2197716, 7755, 3405, 0
2812, 43, 70, 214, 1, 0, 6.28%, 22, 0, 30, 710.64, 2200867, 7755, 3410, 0
2817, 43, 213, 214, 1, 0, 6.28%, 22, 0, 30, 148.01, 2204146, 7755, 3412, 0
2822, 43, 213, 214, 1, 0, 6.28%, 22, 0, 30, 123.23, 2204739, 7755, 3412, 0
2828, 43, 213, 214, 1, 0, 6.28%, 22, 0, 30, 135.10, 2205389, 7755, 3412, 0
2833, 43, 213, 215, 2, 0, 6.28%, 22, 0, 31, 74.38, 2205917, 7755, 3413, 0
2838, 43, 213, 220, 7, 0, 6.28%, 22, 0, 31, 81.70, 2206340, 7755, 3416, 0
2843, 43, 213, 222, 9, 0, 6.28%, 22, 0, 31, 80.43, 2206745, 7755, 3419, 0
2848, 43, 213, 223, 10, 0, 6.28%, 22, 0, 31, 82.37, 2207173, 7755, 3423, 0
2853, 43, 213, 224, 11, 0, 6.28%, 22, 0, 31, 80.24, 2207580, 7755, 3429, 0
2858, 43, 213, 224, 11, 0, 6.28%, 22, 0, 31, 85.37, 2208036, 7755, 3430, 0
2863, 43, 213, 224, 11, 0, 6.28%, 22, 0, 31, 87.02, 2208606, 7755, 3434, 0
2869, 43, 213, 224, 11, 0, 6.28%, 22, 0, 31, 86.90, 2209047, 7755, 3437, 0
2874, 43, 213, 224, 11, 0, 6.28%, 22, 0, 31, 83.07, 2209483, 7755, 3440, 0
2879, 43, 213, 224, 11, 0, 6.28%, 22, 0, 31, 80.41, 2209896, 7755, 3445, 0
2884, 43, 213, 224, 11, 0, 6.28%, 22, 0, 31, 80.04, 2210305, 7755, 3449, 0
2889, 43, 213, 224, 11, 0, 6.28%, 22, 0, 31, 81.43, 2210724, 7755, 3453, 0
2889, 43, 213, 224, 11, 0, 6.28%, 22, 0, 31, 0.00, 2210876, 7755, 3454, 0
2894, 43, 213, 224, 11, 0, 6.28%, 22, 0, 31, 85.67, 2211327, 7755, 3455, 0
2899, 43, 213, 224, 11, 0, 6.28%, 22, 0, 31, 85.62, 2211767, 7755, 3457, 0
2904, 43, 213, 224, 11, 0, 6.28%, 22, 0, 31, 88.08, 2212228, 7755, 3458, 0
2910, 43, 213, 225, 12, 0, 6.28%, 22, 0, 31, 83.68, 2212660, 7755, 3462, 0
2915, 43, 213, 225, 12, 0, 6.28%, 22, 0, 31, 81.67, 2213073, 7755, 3466, 0
2920, 43, 213, 225, 12, 0, 6.28%, 22, 0, 31, 78.71, 2213479, 7755, 3469, 0
2919, 43, 213, 226, 13, 0, 6.28%, 22, 0, 31, 0.00, 2213580, 7755, 3470, 0
2924, 43, 213, 226, 13, 0, 6.28%, 22, 0, 31, 72.54, 2213949, 7755, 3473, 0
2930, 43, 123, 226, 12, 0, 6.28%, 22, 0, 31, 696.34, 2217479, 7755, 3483, 0
2935, 43, 224, 226, 12, 0, 6.28%, 22, 0, 31, 109.41, 2218356, 7755, 3488, 0
2940, 43, 224, 226, 12, 0, 6.28%, 22, 0, 31, 105.16, 2218918, 7755, 3488, 0
2945, 43, 224, 226, 12, 0, 6.28%, 22, 0, 31, 117.69, 2219574, 7755, 3488, 0
2950, 43, 224, 226, 12, 0, 6.28%, 22, 0, 31, 85.85, 2219949, 7755, 3490, 0
2955, 43, 223, 226, 11, 0, 6.28%, 22, 0, 31, 145.44, 2222330, 7755, 3494, 0
2960, 43, 223, 226, 11, 0, 6.28%, 22, 0, 31, 149.19, 2223025, 7755, 3494, 0
2965, 43, 223, 226, 11, 0, 6.28%, 22, 0, 31, 96.70, 2223459, 7755, 3494, 0
2970, 43, 223, 226, 11, 0, 6.28%, 22, 0, 31, 111.58, 2224035, 7755, 3498, 0
2975, 43, 27, 226, 10, 0, 6.28%, 22, 0, 31, 990.15, 2225725, 7755, 3502, 0
2980, 43, 219, 226, 10, 0, 6.28%, 22, 0, 31, 125.49, 2227451, 7755, 3502, 0
2985, 43, 219, 226, 10, 0, 6.28%, 22, 0, 31, 133.84, 2228353, 7755, 3502, 0
2990, 43, 219, 226, 10, 0, 6.28%, 22, 0, 31, 92.07, 2228788, 7755, 3502, 0
2996, 43, 219, 226, 10, 0, 6.28%, 22, 0, 31, 114.16, 2229359, 7755, 3505, 0
3001, 43, 214, 226, 9, 0, 6.28%, 22, 0, 31, 251.38, 2230908, 7755, 3512, 0
3006, 43, 214, 226, 9, 0, 6.28%, 22, 0, 31, 172.36, 2231683, 7755, 3512, 0
3011, 43, 214, 226, 9, 0, 6.28%, 22, 0, 31, 173.02, 2232441, 7755, 3515, 0
3016, 43, 216, 226, 8, 0, 6.28%, 22, 0, 31, 94.52, 2234093, 7755, 3521, 0
3021, 43, 216, 226, 8, 0, 6.28%, 22, 0, 31, 141.31, 2234823, 7755, 3521, 0
3027, 43, 216, 226, 8, 0, 6.28%, 22, 0, 31, 121.58, 2235370, 7755, 3523, 0
3032, 43, 225, 226, 7, 0, 6.28%, 22, 0, 31, 82.77, 2237143, 7755, 3530, 0
3037, 43, 225, 226, 7, 0, 6.28%, 22, 0, 31, 111.61, 2237702, 7755, 3530, 0
3042, 43, 225, 226, 7, 0, 6.28%, 22, 0, 31, 131.37, 2238286, 7755, 3530, 0
3042, 43, 225, 226, 7, 0, 6.28%, 22, 0, 31, 0.00, 2238470, 7755, 3530, 0
3047, 43, 225, 226, 7, 0, 6.28%, 22, 0, 31, 73.49, 2238846, 7755, 3530, 0
3052, 43, 225, 226, 7, 0, 6.28%, 22, 0, 31, 71.03, 2239178, 7755, 3531, 0
3057, 43, 220, 226, 6, 0, 6.28%, 22, 0, 31, 862.10, 2241163, 7755, 3533, 0
3062, 43, 220, 226, 6, 0, 6.28%, 22, 0, 31, 121.51, 2241758, 7755, 3533, 0
3067, 43, 220, 226, 6, 0, 6.28%, 22, 0, 31, 128.10, 2242398, 7755, 3533, 0
3072, 43, 220, 226, 6, 0, 6.28%, 22, 0, 31, 91.20, 2242816, 7755, 3534, 0
3072, 43, 220, 226, 6, 0, 6.28%, 22, 0, 31, 0.00, 2242945, 7755, 3536, 0
3077, 43, 220, 226, 6, 0, 6.28%, 22, 0, 31, 89.55, 2243402, 7755, 3542, 0
3082, 43, 43, 226, 5, 0, 6.28%, 22, 0, 31, 984.47, 2244615, 7755, 3549, 0
3088, 43, 219, 226, 5, 0, 6.28%, 22, 0, 31, 612.86, 2247571, 7755, 3556, 0
3093, 43, 221, 226, 5, 0, 6.28%, 22, 0, 31, 104.57, 2248525, 7755, 3562, 0
3098, 43, 221, 226, 5, 0, 6.28%, 22, 0, 31, 100.43, 2249074, 7755, 3562, 0
3103, 43, 221, 226, 5, 0, 6.28%, 22, 0, 31, 107.82, 2249737, 7755, 3562, 0
3108, 43, 81, 226, 4, 0, 6.28%, 22, 0, 31, 880.49, 2251543, 7755, 3570, 0
3113, 43, 218, 226, 4, 0, 6.28%, 22, 0, 31, 131.73, 2252476, 7755, 3570, 0
3118, 43, 218, 226, 4, 0, 6.28%, 22, 0, 31, 130.21, 2253150, 7755, 3570, 0
3123, 43, 218, 226, 4, 0, 6.28%, 22, 0, 31, 166.19, 2253927, 7755, 3579, 0
3128, 43, 219, 226, 3, 0, 6.28%, 22, 0, 31, 125.00, 2254598, 7755, 3585, 0
3133, 43, 222, 226, 3, 0, 6.28%, 22, 0, 31, 151.07, 2256236, 7755, 3587, 0
3133, 43, 222, 226, 3, 0, 6.28%, 22, 0, 31, 0.00, 2256432, 7755, 3587, 0
3138, 43, 222, 226, 3, 0, 6.28%, 22, 0, 31, 195.08, 2257260, 7755, 3587, 0
3144, 43, 222, 226, 3, 0, 6.28%, 22, 0, 31, 110.54, 2257711, 7755, 3591, 0
3149, 43, 81, 226, 2, 0, 6.28%, 22, 0, 31, 833.80, 2260151, 7755, 3593, 0
3154, 43, 103, 226, 2, 0, 6.28%, 22, 0, 31, 863.93, 2264622, 7755, 3596, 0
3159, 44, 100, 226, 2, 0, 6.28%, 22, 0, 31, 786.80, 2268580, 7755, 3601, 0
3164, 44, 217, 226, 2, 0, 6.28%, 22, 0, 31, 154.95, 2270099, 7755, 3615, 0
3164, 44, 217, 226, 2, 0, 6.28%, 22, 0, 31, 0.00, 2270345, 7755, 3615, 0
3169, 44, 217, 226, 2, 0, 6.28%, 22, 0, 31, 139.23, 2271069, 7755, 3615, 0
3174, 44, 39, 226, 1, 0, 6.28%, 22, 0, 31, 233.27, 2272057, 7755, 3619, 0
3179, 44, 111, 226, 1, 0, 6.28%, 22, 0, 31, 477.69, 2275048, 7755, 3626, 0
3184, 44, 215, 226, 1, 0, 6.28%, 22, 0, 31, 113.03, 2277237, 7755, 3626, 0
3189, 44, 215, 226, 1, 0, 6.28%, 22, 0, 31, 101.92, 2277773, 7755, 3626, 0
3194, 44, 215, 226, 1, 0, 6.28%, 22, 0, 31, 117.45, 2278459, 7755, 3626, 0
3194, 44, 215, 226, 1, 0, 6.28%, 22, 0, 31, 0.00, 2278565, 7755, 3626, 0
3199, 44, 215, 226, 1, 0, 6.28%, 22, 0, 31, 79.00, 2278952, 7755, 3628, 0
3204, 44, 155, 226, 0, 0, 6.28%, 22, 0, 31, 677.30, 2281241, 7755, 3641, 0
3210, 44, 219, 226, 0, 0, 6.28%, 22, 0, 31, 96.58, 2284975, 7755, 3642, 0
3215, 44, 169, 226, 0, 0, 6.28%, 22, 0, 31, 856.85, 2288059, 7755, 3644, 0
3220, 44, 225, 226, 0, 0, 6.28%, 22, 0, 31, 94.00, 2292284, 7755, 3648, 0
3225, 44, 30, 226, 0, 0, 6.28%, 22, 0, 31, 772.24, 2294660, 7755, 3656, 0
3225, 44, 198, 226, 0, 0, 6.28%, 22, 0, 31, 0.00, 2295760, 7755, 3660, 0
3230, 44, 113, 226, 0, 0, 6.28%, 22, 0, 31, 887.03, 2300389, 7755, 3664, 0
3235, 44, 85, 226, 0, 0, 6.28%, 22, 0, 31, 673.77, 2302965, 7755, 3672, 0
3240, 44, 218, 227, 1, 0, 6.28%, 22, 0, 32, 135.31, 2303917, 7755, 3679, 0
3245, 44, 82, 227, 1, 0, 6.28%, 22, 0, 32, 1077.60, 2306054, 7755, 3686, 0
3250, 44, 18, 227, 1, 0, 6.28%, 22, 0, 32, 926.96, 2310394, 7755, 3688, 0
3255, 44, 219, 227, 1, 0, 6.28%, 22, 0, 32, 824.85, 2314039, 7755, 3700, 0
3255, 44, 113, 227, 1, 0, 6.28%, 22, 0, 32, 0.00, 2314651, 7755, 3701, 0
3260, 44, 226, 227, 1, 0, 6.28%, 22, 0, 32, 124.03, 2315669, 7755, 3701, 0
3265, 44, 226, 227, 1, 0, 6.28%, 22, 0, 32, 127.54, 2316371, 7755, 3701, 0
3270, 44, 219, 227, 0, 0, 6.28%, 22, 0, 32, 301.42, 2317854, 7755, 3712, 0
3276, 44, 140, 227, 0, 0, 6.28%, 22, 0, 32, 622.88, 2321068, 7755, 3720, 0
3281, 44, 192, 227, 0, 0, 6.28%, 22, 0, 32, 169.18, 2323969, 7755, 3724, 0
3286, 44, 219, 227, 0, 0, 6.28%, 22, 0, 32, 178.54, 2326910, 7755, 3728, 0
3286, 44, 186, 227, 0, 0, 6.28%, 22, 0, 32, 0.00, 2327624, 7755, 3730, 0
3291, 44, 114, 227, 0, 0, 6.28%, 22, 0, 32, 699.12, 2331051, 7755, 3732, 0
3296, 44, 76, 227, 0, 0, 6.28%, 22, 0, 32, 899.47, 2334181, 7755, 3736, 0
3301, 44, 219, 227, 0, 0, 6.28%, 22, 0, 32, 135.10, 2337486, 7755, 3738, 0
3306, 44, 46, 227, 0, 0, 6.28%, 22, 0, 32, 983.41, 2341266, 7755, 3745, 0
3311, 44, 48, 227, 0, 0, 6.28%, 22, 0, 32, 901.95, 2345466, 7755, 3754, 0
3316, 44, 48, 227, 0, 0, 6.28%, 22, 0, 32, 705.88, 2348598, 7755, 3760, 0
3316, 45, 113, 227, 0, 0, 6.28%, 22, 0, 32, 0.00, 2349935, 7755, 3760, 0
3321, 45, 101, 227, 0, 0, 6.28%, 22, 0, 32, 846.32, 2354275, 7755, 3764, 0
3326, 45, 226, 227, 0, 0, 6.28%, 22, 0, 32, 180.61, 2355934, 7755, 3771, 0
3331, 45, 133, 227, 0, 0, 6.28%, 22, 0, 32, 915.21, 2358046, 7755, 3776, 0
3336, 45, 124, 227, 0, 0, 6.28%, 22, 0, 32, 748.56, 2361493, 7755, 3785, 0
3341, 45, 217, 227, 0, 0, 6.28%, 22, 0, 32, 732.06, 2364220, 7755, 3787, 0
3347, 45, 76, 227, 0, 0, 6.28%, 22, 0, 32, 1000.71, 2367015, 7755, 3797, 0
3352, 45, 140, 227, 0, 0, 6.28%, 22, 0, 32, 832.55, 2372091, 7755, 3799, 0
3357, 45, 86, 227, 0, 0, 6.28%, 22, 0, 32, 871.27, 2376382, 7755, 3806, 0
3362, 45, 203, 227, 0, 0, 6.28%, 22, 0, 32, 82.59, 2380019, 7755, 3808, 0
3367, 45, 114, 227, 0, 0, 6.28%, 22, 0, 32, 869.85, 2381898, 7755, 3814, 0
3372, 45, 134, 227, 0, 0, 6.28%, 22, 0, 32, 904.34, 2386564, 7755, 3818, 0
3377, 45, 159, 227, 0, 0, 6.28%, 22, 0, 32, 780.19, 2390488, 7755, 3827, 0
3377, 45, 69, 227, 0, 0, 6.28%, 22, 0, 32, 0.00, 2392105, 7755, 3827, 0
3382, 45, 219, 227, 0, 0, 6.28%, 22, 0, 32, 108.01, 2396068, 7755, 3829, 0
3387, 45, 220, 227, 0, 0, 6.28%, 22, 0, 32, 72.75, 2397611, 7755, 3834, 0
3392, 45, 214, 227, 0, 0, 6.28%, 22, 0, 32, 622.96, 2400929, 7755, 3836, 0
3398, 45, 198, 227, 0, 0, 6.28%, 22, 0, 32, 94.07, 2403858, 7755, 3842, 0
3403, 45, 205, 227, 0, 0, 6.28%, 22, 0, 32, 170.74, 2407054, 7755, 3843, 0
3408, 45, 186, 227, 0, 0, 6.28%, 22, 0, 32, 1030.58, 2409415, 7755, 3849, 0
3408, 45, 124, 227, 0, 0, 6.28%, 22, 0, 32, 0.00, 2411095, 7755, 3849, 0
3413, 45, 178, 227, 0, 0, 6.28%, 22, 0, 32, 939.21, 2414842, 7755, 3854, 0
3418, 45, 219, 227, 0, 0, 6.28%, 22, 0, 32, 307.36, 2417434, 7755, 3863, 0
3423, 45, 206, 227, 0, 0, 6.28%, 22, 0, 32, 171.72, 2420888, 7755, 3867, 0
3428, 45, 27, 227, 0, 0, 6.28%, 22, 0, 32, 935.00, 2423099, 7755, 3871, 0
3433, 45, 43, 227, 0, 0, 6.28%, 22, 0, 32, 994.06, 2428017, 7755, 3874, 0
3438, 46, 86, 227, 0, 0, 6.28%, 22, 0, 32, 589.21, 2431739, 7755, 3876, 0
3438, 46, 103, 227, 0, 0, 6.28%, 22, 0, 32, 0.00, 2433337, 7755, 3876, 0
3443, 46, 43, 227, 0, 0, 6.28%, 22, 0, 32, 994.41, 2437455, 7755, 3881, 0
3448, 46, 114, 227, 0, 0, 6.28%, 22, 0, 32, 964.69, 2441501, 7755, 3883, 0
3453, 46, 103, 227, 0, 0, 6.28%, 22, 0, 32, 1055.21, 2446150, 7755, 3885, 0
3458, 46, 43, 227, 0, 0, 6.28%, 22, 0, 32, 896.97, 2450282, 7755, 3888, 0
3463, 46, 103, 227, 0, 0, 6.28%, 22, 0, 32, 612.22, 2452734, 7755, 3897, 0
3469, 46, 219, 227, 0, 0, 6.28%, 22, 0, 32, 482.70, 2455555, 7755, 3907, 0
3474, 46, 214, 227, 0, 0, 6.28%, 22, 0, 32, 121.71, 2458913, 7755, 3916, 0
3479, 46, 217, 227, 0, 0, 6.28%, 22, 0, 32, 188.43, 2462080, 7755, 3926, 0
3484, 46, 43, 227, 0, 0, 6.28%, 22, 0, 32, 1071.58, 2466791, 7755, 3929, 0
3489, 46, 101, 227, 0, 0, 6.28%, 22, 0, 32, 1042.80, 2472046, 7755, 3930, 0
3494, 46, 114, 227, 0, 0, 6.28%, 22, 0, 32, 161.53, 2475888, 7755, 3933, 0
3499, 46, 117, 227, 0, 0, 6.28%, 22, 0, 32, 959.60, 2480489, 7755, 3937, 0
3499, 46, 197, 227, 0, 0, 6.28%, 22, 0, 32, 0.00, 2481472, 7755, 3938, 0
3504, 46, 43, 227, 0, 0, 6.28%, 22, 0, 32, 943.77, 2483546, 7755, 3939, 0
3509, 46, 81, 227, 0, 0, 6.28%, 22, 0, 32, 763.93, 2487245, 7755, 3942, 0
3514, 46, 103, 227, 0, 0, 6.28%, 22, 0, 32, 657.56, 2489790, 7755, 3948, 0
3519, 46, 43, 227, 0, 0, 6.28%, 22, 0, 32, 785.44, 2491745, 7755, 3956, 0
3525, 46, 219, 227, 0, 0, 6.28%, 22, 0, 32, 98.31, 2493387, 7755, 3965, 0
3530, 46, 141, 227, 0, 0, 6.28%, 22, 0, 32, 619.09, 2495924, 7755, 3979, 0
3530, 46, 125, 227, 0, 0, 6.28%, 22, 0, 32, 0.00, 2497366, 7755, 3980, 0
3535, 46, 98, 227, 0, 0, 6.28%, 22, 0, 32, 980.92, 2502258, 7755, 3980, 0
3540, 46, 81, 227, 0, 0, 6.28%, 22, 0, 32, 312.77, 2504658, 7755, 3982, 0
3545, 47, 46, 227, 0, 0, 6.28%, 22, 0, 32, 1116.10, 2507127, 7755, 3984, 0
3550, 47, 159, 227, 0, 0, 6.28%, 22, 0, 32, 183.51, 2511286, 7755, 3988, 0
3555, 47, 205, 227, 0, 0, 6.28%, 22, 0, 32, 130.24, 2514717, 7755, 3990, 0
3560, 47, 58, 227, 0, 0, 6.28%, 22, 0, 32, 570.00, 2517621, 7755, 3996, 0
3560, 47, 114, 227, 0, 0, 6.28%, 22, 0, 32, 0.00, 2518814, 7755, 3997, 0
3565, 47, 76, 227, 0, 0, 6.28%, 22, 0, 32, 243.64, 2522302, 7755, 4002, 0
3570, 47, 135, 227, 0, 0, 6.28%, 22, 0, 32, 680.63, 2526292, 7755, 4006, 0
3575, 47, 113, 227, 0, 0, 6.28%, 22, 0, 32, 790.81, 2530150, 7755, 4014, 0
3580, 47, 202, 227, 0, 0, 6.28%, 22, 0, 32, 108.21, 2533115, 7755, 4026, 0
3586, 47, 93, 227, 0, 0, 6.28%, 22, 0, 32, 853.10, 2536746, 7755, 4029, 0
3591, 47, 81, 227, 0, 0, 6.28%, 22, 0, 32, 732.66, 2540059, 7755, 4034, 0
3590, 47, 113, 227, 0, 0, 6.28%, 22, 0, 32, 0.00, 2541511, 7755, 4034, 0
3595, 47, 124, 227, 0, 0, 6.28%, 22, 0, 32, 896.22, 2546065, 7755, 4036, 0
3600, 47, 214, 227, 0, 0, 6.28%, 22, 0, 32, 136.48, 2549309, 7755, 4039, 0
3606, 47, 28, 227, 0, 0, 6.28%, 22, 0, 32, 960.44, 2552992, 7755, 4041, 0
3611, 47, 103, 227, 0, 0, 6.28%, 22, 0, 32, 1065.28, 2557210, 7755, 4046, 0
3616, 47, 170, 227, 0, 0, 6.28%, 22, 0, 32, 874.43, 2561450, 7755, 4053, 0
3621, 47, 124, 227, 0, 0, 6.28%, 22, 0, 32, 827.82, 2565527, 7755, 4058, 0
3626, 47, 142, 227, 0, 0, 6.28%, 22, 0, 32, 711.32, 2570428, 7755, 4071, 0
3631, 47, 111, 227, 0, 0, 6.28%, 22, 0, 32, 776.95, 2574590, 7755, 4081, 0
3636, 47, 113, 227, 0, 0, 6.28%, 22, 0, 32, 973.76, 2579718, 7755, 4083, 0
3641, 47, 219, 228, 1, 0, 6.28%, 22, 0, 32, 89.77, 2581550, 7755, 4084, 0
3646, 47, 219, 228, 1, 0, 6.28%, 22, 0, 32, 83.93, 2581964, 7755, 4085, 0
3652, 47, 219, 228, 1, 0, 6.28%, 22, 0, 32, 79.79, 2582371, 7755, 4085, 0
3651, 47, 219, 228, 1, 0, 6.28%, 22, 0, 32, 0.00, 2582493, 7755, 4085, 0
3657, 47, 219, 228, 1, 0, 6.28%, 22, 0, 32, 70.57, 2582894, 7755, 4086, 0
3662, 47, 219, 228, 1, 0, 6.28%, 22, 0, 32, 75.51, 2583292, 7755, 4087, 0
3667, 47, 219, 228, 1, 0, 6.28%, 22, 0, 32, 75.91, 2583680, 7755, 4087, 0
3672, 47, 219, 228, 1, 0, 6.28%, 22, 0, 32, 74.84, 2584063, 7755, 4087, 0
3677, 47, 219, 228, 1, 0, 6.28%, 22, 0, 32, 74.02, 2584436, 7755, 4087, 0
3682, 47, 219, 228, 1, 0, 6.28%, 22, 0, 32, 72.83, 2584814, 7755, 4087, 0
3682, 47, 219, 228, 1, 0, 6.28%, 22, 0, 32, 0.00, 2584925, 7755, 4087, 0
3687, 47, 219, 228, 1, 0, 6.28%, 22, 0, 32, 70.05, 2585269, 7755, 4089, 0
3692, 47, 219, 228, 1, 0, 6.28%, 22, 0, 32, 74.24, 2585659, 7755, 4089, 0
3697, 47, 219, 228, 1, 0, 6.28%, 22, 0, 32, 74.76, 2586051, 7755, 4089, 0
3702, 47, 219, 228, 1, 0, 6.28%, 22, 0, 32, 73.45, 2586424, 7755, 4089, 0
3708, 47, 219, 228, 1, 0, 6.28%, 22, 0, 32, 73.59, 2586801, 7755, 4089, 0
3713, 47, 219, 229, 2, 0, 6.28%, 22, 0, 32, 73.85, 2587183, 7755, 4089, 0
3712, 47, 124, 229, 2, 0, 6.28%, 22, 0, 32, 0.00, 2587351, 7755, 4092, 0
3717, 47, 227, 229, 2, 0, 6.28%, 22, 0, 32, 178.79, 2590793, 7755, 4096, 0
3722, 47, 227, 229, 2, 0, 6.28%, 22, 0, 32, 183.39, 2591792, 7755, 4096, 0
3728, 47, 186, 229, 1, 0, 6.28%, 22, 0, 32, 578.46, 2594595, 7755, 4096, 0
3733, 48, 228, 229, 1, 0, 6.28%, 22, 0, 32, 145.40, 2597517, 7755, 4096, 0
3738, 48, 228, 229, 1, 0, 6.28%, 22, 0, 32, 112.33, 2598069, 7755, 4096, 0
3743, 48, 228, 229, 1, 0, 6.28%, 22, 0, 32, 120.74, 2598745, 7755, 4096, 0
3748, 48, 190, 229, 0, 0, 6.28%, 22, 0, 32, 714.82, 2600273, 7755, 4107, 0
3753, 48, 227, 230, 1, 0, 6.28%, 22, 0, 33, 501.86, 2602581, 7755, 4109, 0
3758, 48, 227, 233, 4, 0, 6.28%, 22, 0, 33, 344.36, 2604093, 7755, 4109, 0
3763, 48, 227, 233, 4, 0, 6.28%, 22, 0, 33, 352.34, 2605869, 7755, 4109, 0
3768, 48, 227, 233, 4, 0, 6.28%, 22, 0, 33, 355.40, 2607640, 7755, 4109, 0
3773, 48, 232, 233, 4, 1, 6.28%, 22, 0, 33, 351.25, 2609480, 7755, 4109, 0
3773, 48, 232, 233, 4, 1, 6.28%, 22, 0, 33, 0.00, 2609852, 7755, 4109, 0
3778, 48, 232, 233, 4, 1, 6.28%, 22, 0, 33, 165.77, 2610809, 7755, 4109, 0
3784, 48, 232, 233, 3, 0, 6.28%, 22, 0, 33, 828.02, 2614462, 7755, 4114, 0
3789, 48, 217, 233, 3, 0, 6.28%, 22, 0, 33, 75.39, 2616420, 7755, 4118, 0
3794, 48, 232, 233, 3, 0, 6.28%, 22, 0, 33, 761.15, 2619745, 7755, 4121, 0
3799, 48, 226, 233, 3, 0, 6.28%, 22, 0, 33, 107.18, 2621560, 7755, 4134, 0
3804, 48, 232, 233, 3, 0, 6.28%, 22, 0, 33, 161.44, 2622543, 7755, 4140, 0
3804, 48, 232, 233, 3, 0, 6.28%, 22, 0, 33, 0.00, 2622765, 7755, 4140, 0
3809, 48, 202, 233, 3, 0, 6.28%, 22, 0, 33, 111.87, 2624212, 7755, 4148, 0
3814, 48, 230, 233, 3, 0, 6.28%, 22, 0, 33, 185.12, 2625183, 7755, 4149, 0
3819, 48, 230, 233, 3, 0, 6.28%, 22, 0, 33, 265.20, 2626412, 7755, 4149, 0
3824, 48, 180, 233, 2, 0, 6.28%, 22, 0, 33, 552.29, 2629357, 7755, 4151, 0
3829, 48, 183, 233, 2, 0, 6.28%, 22, 0, 33, 612.10, 2632438, 7755, 4161, 0
3834, 48, 231, 233, 2, 0, 6.28%, 22, 0, 33, 288.98, 2633419, 7755, 4161, 0
3834, 48, 231, 233, 2, 0, 6.28%, 22, 0, 33, 0.00, 2633754, 7755, 4161, 0
3839, 48, 231, 233, 2, 0, 6.28%, 22, 0, 33, 152.61, 2634484, 7755, 4161, 0
3844, 48, 229, 233, 1, 0, 6.28%, 22, 0, 33, 313.37, 2636012, 7755, 4161, 0
3849, 48, 229, 233, 1, 0, 6.28%, 22, 0, 33, 218.72, 2637042, 7755, 4161, 0
3855, 48, 229, 233, 1, 0, 6.28%, 22, 0, 33, 175.29, 2637839, 7755, 4161, 0
3860, 48, 232, 233, 0, 0, 6.28%, 22, 0, 33, 327.18, 2639647, 7755, 4161, 0
3865, 48, 232, 233, 0, 0, 6.28%, 22, 0, 33, 188.01, 2640391, 7755, 4161, 0
3870, 48, 229, 233, 0, 0, 6.28%, 22, 0, 33, 365.82, 2643674, 7755, 4171, 0
3875, 48, 229, 233, 0, 0, 6.28%, 22, 0, 33, 198.02, 2644468, 7755, 4171, 0
3880, 48, 232, 233, 0, 0, 6.28%, 22, 0, 33, 392.97, 2647300, 7755, 4171, 0
3885, 48, 218, 233, 0, 0, 6.28%, 22, 0, 33, 104.72, 2649540, 7755, 4172, 0
3890, 48, 232, 233, 0, 0, 6.28%, 22, 0, 33, 146.66, 2650424, 7755, 4172, 0
3895, 48, 232, 233, 0, 0, 6.28%, 22, 0, 33, 225.77, 2653182, 7755, 4172, 0
3900, 48, 227, 233, 0, 0, 6.28%, 22, 0, 33, 1000.97, 2656992, 7755, 4174, 0
3905, 48, 134, 233, 0, 0, 6.28%, 22, 0, 33, 470.28, 2658728, 7755, 4175, 0
3910, 48, 232, 233, 0, 0, 6.28%, 22, 0, 33, 142.23, 2660318, 7755, 4178, 0
3916, 48, 205, 233, 0, 0, 6.28%, 22, 0, 33, 188.72, 2661217, 7755, 4179, 0
3921, 48, 232, 233, 0, 0, 6.28%, 22, 0, 33, 735.68, 2664187, 7755, 4181, 0
3926, 48, 124, 233, 0, 0, 6.28%, 22, 0, 33, 445.38, 2666272, 7755, 4181, 0
3931, 48, 231, 233, 0, 0, 6.28%, 22, 0, 33, 382.54, 2669863, 7755, 4185, 0
3936, 48, 174, 233, 0, 0, 6.28%, 22, 0, 33, 615.78, 2672692, 7755, 4188, 0
3941, 48, 232, 233, 0, 0, 6.28%, 22, 0, 33, 135.74, 2675646, 7755, 4188, 0
3946, 48, 113, 233, 0, 0, 6.28%, 22, 0, 33, 1218.17, 2676792, 7755, 4188, 0
3947, 48, 21, 233, 0, 0, 6.28%, 22, 0, 33, 1174.08, 2677058, 7755, 4188, 0
