# relative_time, cycles_done, cur_item, corpus_count, pending_total, pending_favs, map_size, saved_crashes, saved_hangs, max_depth, execs_per_sec, total_execs, edges_found
64, 0, 242, 261, 200, 1, 7.04%, 0, 0, 3, 113.17, 45574, 7424
69, 0, 39, 261, 199, 0, 7.04%, 0, 0, 3, 161.39, 48340, 7424
74, 0, 38, 261, 199, 0, 7.04%, 0, 0, 3, 924.22, 53060, 7424
74, 0, 39, 261, 199, 0, 7.04%, 0, 0, 3, 0.00, 54760, 7424
79, 0, 39, 261, 199, 0, 7.04%, 0, 0, 3, 996.50, 59597, 7424
84, 0, 38, 261, 199, 0, 7.04%, 0, 0, 3, 1016.10, 64617, 7424
90, 0, 143, 261, 199, 0, 7.04%, 0, 0, 3, 991.70, 69673, 7424
95, 0, 38, 261, 199, 0, 7.04%, 0, 0, 3, 907.74, 74320, 7424
100, 0, 142, 261, 199, 0, 7.04%, 0, 0, 3, 912.05, 79110, 7424
105, 0, 39, 261, 199, 0, 7.04%, 0, 0, 3, 916.38, 83591, 7424
105, 0, 122, 261, 199, 0, 7.04%, 0, 0, 3, 0.00, 84815, 7424
110, 0, 39, 261, 199, 0, 7.04%, 0, 0, 3, 937.73, 89539, 7424
115, 0, 59, 262, 200, 0, 7.04%, 0, 0, 3, 967.61, 94587, 7424
120, 0, 39, 262, 200, 0, 7.04%, 0, 0, 3, 973.12, 99523, 7424
125, 0, 39, 262, 200, 0, 7.04%, 0, 0, 3, 941.59, 104202, 7424
130, 0, 39, 262, 200, 0, 7.04%, 0, 0, 3, 895.17, 107851, 7424
136, 0, 39, 262, 200, 0, 7.04%, 0, 0, 3, 922.70, 112454, 7424
135, 0, 39, 262, 200, 0, 7.04%, 0, 0, 3, 0.00, 113198, 7424
140, 0, 39, 262, 200, 0, 7.04%, 0, 0, 3, 846.22, 117745, 7424
145, 0, 39, 262, 200, 0, 7.04%, 0, 0, 3, 945.31, 122681, 7424
151, 0, 39, 262, 200, 0, 7.04%, 0, 0, 3, 445.14, 127012, 7424
156, 0, 39, 262, 200, 0, 7.04%, 0, 0, 3, 856.95, 131940, 7424
161, 0, 39, 262, 200, 0, 7.04%, 0, 0, 3, 877.29, 136280, 7424
166, 0, 39, 262, 200, 0, 7.04%, 0, 0, 3, 131.99, 140593, 7424
166, 0, 39, 262, 200, 0, 7.04%, 0, 0, 3, 0.00, 141467, 7424
171, 0, 39, 262, 200, 0, 7.04%, 0, 0, 3, 141.02, 146073, 7424
176, 0, 39, 262, 200, 0, 7.04%, 0, 0, 3, 1106.82, 150713, 7424
181, 0, 122, 262, 200, 0, 7.04%, 0, 0, 3, 994.18, 155682, 7424
186, 0, 39, 262, 200, 0, 7.04%, 0, 0, 3, 865.64, 159927, 7424
191, 0, 46, 262, 200, 0, 7.04%, 0, 0, 3, 983.28, 165121, 7424
196, 0, 39, 262, 200, 0, 7.04%, 0, 0, 3, 957.79, 170025, 7424
196, 0, 122, 262, 200, 0, 7.04%, 0, 0, 3, 0.00, 171411, 7424
201, 0, 39, 262, 200, 0, 7.04%, 0, 0, 3, 1114.28, 175784, 7424
206, 0, 39, 262, 200, 0, 7.04%, 0, 0, 3, 918.87, 179813, 7424
211, 0, 143, 262, 200, 0, 7.04%, 0, 0, 3, 939.93, 184668, 7424
217, 0, 39, 262, 200, 0, 7.04%, 0, 0, 3, 1000.35, 189727, 7424
222, 0, 39, 262, 200, 0, 7.04%, 0, 0, 3, 948.85, 194396, 7424
227, 0, 39, 262, 200, 0, 7.04%, 0, 0, 3, 1011.76, 199520, 7424
226, 0, 39, 262, 200, 0, 7.04%, 0, 0, 3, 0.00, 201110, 7424
231, 0, 39, 262, 200, 0, 7.04%, 0, 0, 3, 182.36, 204305, 7424
237, 0, 39, 262, 200, 0, 7.04%, 0, 0, 3, 955.68, 209124, 7424
242, 0, 39, 262, 200, 0, 7.04%, 0, 0, 3, 1113.73, 213515, 7424
247, 0, 104, 262, 200, 0, 7.04%, 0, 0, 3, 934.77, 216014, 7424
252, 0, 39, 262, 200, 0, 7.04%, 0, 0, 3, 968.88, 220861, 7424
257, 0, 104, 262, 200, 0, 7.04%, 0, 0, 3, 891.87, 225155, 7424
257, 0, 39, 262, 200, 0, 7.04%, 0, 0, 3, 0.00, 226763, 7424
262, 0, 39, 262, 200, 0, 7.04%, 0, 0, 3, 865.67, 230439, 7424
267, 0, 39, 262, 200, 0, 7.04%, 0, 0, 3, 973.67, 235461, 7424
272, 0, 39, 262, 200, 0, 7.04%, 0, 0, 3, 860.64, 239851, 7424
277, 0, 39, 262, 200, 0, 7.04%, 0, 0, 3, 746.02, 243399, 7424
282, 0, 39, 262, 200, 0, 7.04%, 0, 0, 3, 815.34, 247689, 7424
288, 0, 38, 262, 200, 0, 7.04%, 0, 0, 3, 895.50, 252475, 7424
287, 0, 39, 262, 200, 0, 7.04%, 0, 0, 3, 0.00, 253915, 7424
292, 0, 39, 262, 200, 0, 7.04%, 0, 0, 3, 878.16, 258291, 7424
297, 0, 39, 262, 200, 0, 7.04%, 0, 0, 3, 1040.01, 262691, 7424
302, 0, 39, 262, 200, 0, 7.04%, 0, 0, 3, 946.94, 267137, 7424
308, 0, 39, 262, 200, 0, 7.04%, 0, 0, 3, 891.33, 271081, 7424
313, 0, 39, 262, 200, 0, 7.04%, 0, 0, 3, 916.74, 275655, 7424
318, 0, 39, 262, 200, 0, 7.04%, 0, 0, 3, 990.58, 280764, 7424
318, 0, 255, 262, 200, 0, 7.04%, 0, 0, 3, 0.00, 282422, 7424
323, 0, 39, 262, 200, 0, 7.04%, 0, 0, 3, 1049.46, 286900, 7424
328, 0, 39, 262, 200, 0, 7.04%, 0, 0, 3, 1087.95, 291259, 7424
333, 0, 142, 262, 200, 0, 7.04%, 0, 0, 3, 1014.65, 296461, 7424
338, 0, 122, 262, 200, 0, 7.04%, 0, 0, 3, 1040.70, 300216, 7424
343, 0, 39, 262, 200, 0, 7.04%, 0, 0, 3, 1041.59, 305494, 7424
348, 0, 39, 262, 199, 0, 7.04%, 0, 0, 3, 928.28, 310074, 7424
348, 0, 39, 262, 199, 0, 7.04%, 0, 0, 3, 0.00, 311678, 7424
353, 0, 39, 262, 199, 0, 7.04%, 0, 0, 3, 467.72, 316242, 7424
358, 0, 46, 262, 199, 0, 7.04%, 0, 0, 3, 1139.30, 320230, 7424
363, 0, 39, 262, 199, 0, 7.04%, 0, 0, 3, 935.54, 324616, 7424
368, 0, 39, 262, 199, 0, 7.04%, 0, 0, 3, 1001.55, 329594, 7424
374, 0, 39, 262, 199, 0, 7.04%, 0, 0, 3, 945.55, 334351, 7424
379, 0, 38, 262, 199, 0, 7.04%, 0, 0, 3, 1013.79, 339561, 7424
378, 0, 39, 262, 199, 0, 7.04%, 0, 0, 3, 0.00, 341095, 7424
384, 0, 122, 262, 199, 0, 7.04%, 0, 0, 3, 1000.31, 346035, 7424
389, 0, 39, 262, 199, 0, 7.04%, 0, 0, 3, 986.93, 350943, 7424
394, 0, 39, 262, 199, 0, 7.04%, 0, 0, 3, 974.01, 355723, 7424
399, 0, 39, 262, 199, 0, 7.04%, 0, 0, 3, 597.79, 359493, 7424
404, 0, 39, 262, 199, 0, 7.04%, 0, 0, 3, 823.72, 364124, 7424
409, 0, 143, 262, 199, 0, 7.04%, 0, 0, 3, 930.86, 369017, 7424
414, 0, 39, 262, 199, 0, 7.04%, 0, 0, 3, 858.41, 375043, 7424
419, 0, 39, 262, 199, 0, 7.04%, 0, 0, 3, 971.26, 379249, 7424
424, 0, 39, 262, 199, 0, 7.04%, 0, 0, 3, 942.40, 384089, 7424
429, 0, 39, 262, 199, 0, 7.04%, 0, 0, 3, 850.92, 388518, 7424
434, 0, 39, 262, 199, 0, 7.04%, 0, 0, 3, 900.00, 393079, 7424
440, 0, 39, 262, 199, 0, 7.04%, 0, 0, 3, 964.27, 397060, 7424
439, 0, 39, 262, 199, 0, 7.04%, 0, 0, 3, 0.00, 398663, 7424
444, 0, 143, 262, 199, 0, 7.04%, 0, 0, 3, 1000.67, 402866, 7424
450, 0, 39, 262, 199, 0, 7.04%, 0, 0, 3, 1006.83, 407942, 7424
455, 0, 39, 262, 199, 0, 7.04%, 0, 0, 3, 964.59, 412723, 7424
460, 0, 39, 262, 199, 0, 7.04%, 0, 0, 3, 1057.90, 416309, 7424
465, 0, 39, 262, 199, 0, 7.04%, 0, 0, 3, 974.89, 421086, 7424
470, 0, 38, 262, 199, 0, 7.04%, 0, 0, 3, 168.39, 425544, 7424
470, 0, 39, 262, 199, 0, 7.04%, 0, 0, 3, 0.00, 427167, 7424
475, 0, 39, 262, 199, 0, 7.04%, 0, 0, 3, 1088.70, 431596, 7424
480, 0, 39, 262, 199, 0, 7.04%, 0, 0, 3, 937.84, 435817, 7424
485, 0, 39, 262, 199, 0, 7.04%, 0, 0, 3, 908.17, 440485, 7424
490, 0, 39, 262, 199, 0, 7.04%, 0, 0, 3, 1043.01, 444983, 7424
496, 0, 39, 262, 199, 0, 7.04%, 0, 0, 3, 938.42, 449857, 7424
501, 0, 39, 262, 199, 0, 7.04%, 0, 0, 3, 973.45, 454095, 7424
500, 0, 39, 262, 199, 0, 7.04%, 0, 0, 3, 0.00, 455242, 7424
505, 0, 143, 262, 199, 0, 7.04%, 0, 0, 3, 1058.11, 460517, 7424
510, 0, 39, 262, 199, 0, 7.04%, 0, 0, 3, 935.72, 465001, 7424
516, 0, 39, 262, 199, 0, 7.04%, 0, 0, 3, 977.50, 468668, 7424
521, 0, 39, 262, 199, 0, 7.04%, 0, 0, 3, 1028.47, 472847, 7424
526, 0, 67, 262, 199, 0, 7.04%, 0, 0, 3, 1070.49, 477222, 7424
531, 0, 39, 262, 199, 0, 7.04%, 0, 0, 3, 964.99, 482001, 7424
531, 0, 39, 262, 199, 0, 7.04%, 0, 0, 3, 0.00, 483083, 7424
536, 0, 39, 262, 199, 0, 7.04%, 0, 0, 3, 985.79, 487077, 7424
541, 0, 39, 262, 199, 0, 7.04%, 0, 0, 3, 870.38, 491470, 7424
546, 0, 39, 262, 199, 0, 7.04%, 0, 0, 3, 922.21, 496213, 7424
551, 0, 39, 262, 199, 0, 7.04%, 0, 0, 3, 572.24, 499648, 7424
556, 0, 39, 262, 199, 0, 7.04%, 0, 0, 3, 113.14, 504226, 7424
561, 0, 39, 262, 199, 0, 7.04%, 0, 0, 3, 711.52, 507440, 7424
561, 0, 39, 262, 199, 0, 7.04%, 0, 0, 3, 0.00, 508847, 7424
566, 0, 39, 262, 199, 0, 7.04%, 0, 0, 3, 802.25, 513006, 7424
571, 0, 39, 262, 199, 0, 7.04%, 0, 0, 3, 1009.59, 517284, 7424
576, 0, 39, 262, 199, 0, 7.04%, 0, 0, 3, 948.40, 522084, 7424
581, 0, 143, 262, 199, 0, 7.04%, 0, 0, 3, 855.50, 526257, 7424
587, 0, 39, 262, 199, 0, 7.04%, 0, 0, 3, 781.57, 530223, 7424
592, 0, 39, 262, 199, 0, 7.04%, 0, 0, 3, 1130.00, 534592, 7424
591, 0, 39, 262, 199, 0, 7.04%, 0, 0, 3, 0.00, 535386, 7424
596, 0, 39, 262, 199, 0, 7.04%, 0, 0, 3, 973.93, 539809, 7424
601, 0, 39, 262, 199, 0, 7.04%, 0, 0, 3, 977.74, 544573, 7424
607, 0, 43, 262, 199, 0, 7.04%, 0, 0, 3, 1011.67, 549794, 7424
612, 0, 39, 262, 199, 0, 7.04%, 0, 0, 3, 1015.96, 554884, 7424
617, 0, 39, 262, 199, 0, 7.04%, 0, 0, 3, 1091.20, 559021, 7424
622, 0, 39, 262, 199, 0, 7.04%, 0, 0, 3, 990.35, 563923, 7424
622, 0, 39, 262, 199, 0, 7.04%, 0, 0, 3, 0.00, 565564, 7424
627, 0, 142, 262, 199, 0, 7.04%, 0, 0, 3, 740.61, 569270, 7424
632, 0, 145, 262, 199, 0, 7.04%, 0, 0, 3, 806.16, 573862, 7424
637, 0, 39, 262, 199, 0, 7.04%, 0, 0, 3, 950.75, 578750, 7424
643, 0, 39, 262, 199, 0, 7.04%, 0, 0, 3, 1012.47, 582654, 7424
648, 1, 39, 262, 199, 0, 7.04%, 0, 0, 3, 1030.43, 587852, 7424
653, 1, 39, 262, 199, 0, 7.04%, 0, 0, 3, 956.54, 592478, 7424
652, 1, 39, 262, 199, 0, 7.04%, 0, 0, 3, 0.00, 593343, 7424
657, 1, 39, 262, 199, 0, 7.04%, 0, 0, 3, 702.75, 597716, 7424
663, 1, 39, 262, 199, 0, 7.04%, 0, 0, 3, 954.69, 603017, 7424
668, 1, 39, 262, 199, 0, 7.04%, 0, 0, 3, 980.85, 607964, 7424
673, 1, 39, 262, 199, 0, 7.04%, 0, 0, 3, 904.22, 612099, 7424
678, 1, 39, 262, 199, 0, 7.04%, 0, 0, 3, 894.98, 616583, 7424
683, 1, 39, 262, 199, 0, 7.04%, 0, 0, 3, 972.95, 621749, 7424
683, 1, 39, 262, 199, 0, 7.04%, 0, 0, 3, 0.00, 623333, 7424
688, 1, 39, 262, 199, 0, 7.04%, 0, 0, 3, 1104.95, 627599, 7424
693, 1, 130, 262, 199, 0, 7.04%, 0, 0, 3, 1074.34, 631843, 7424
698, 1, 39, 262, 199, 0, 7.04%, 0, 0, 3, 1248.14, 635929, 7424
703, 1, 39, 262, 199, 0, 7.04%, 0, 0, 3, 1054.46, 640997, 7424
708, 1, 39, 262, 199, 0, 7.04%, 0, 0, 3, 1058.08, 644831, 7424
713, 1, 39, 262, 198, 0, 7.04%, 0, 0, 3, 887.04, 649278, 7424
713, 1, 39, 262, 198, 0, 7.04%, 0, 0, 3, 0.00, 650791, 7424
718, 1, 39, 262, 198, 0, 7.04%, 0, 0, 3, 969.84, 655505, 7424
724, 1, 39, 262, 198, 0, 7.04%, 0, 0, 3, 929.86, 660417, 7424
729, 1, 39, 262, 198, 0, 7.04%, 0, 0, 3, 905.36, 664545, 7424
734, 1, 39, 262, 198, 0, 7.04%, 0, 0, 3, 948.48, 669253, 7424
739, 1, 39, 262, 198, 0, 7.04%, 0, 0, 3, 896.36, 673503, 7424
744, 1, 39, 262, 198, 0, 7.04%, 0, 0, 3, 1097.28, 678307, 7424
744, 1, 39, 262, 198, 0, 7.04%, 0, 0, 3, 0.00, 679775, 7424
749, 1, 39, 262, 198, 0, 7.04%, 0, 0, 3, 1049.46, 683841, 7424
754, 1, 39, 262, 198, 0, 7.04%, 0, 0, 3, 889.96, 688259, 7424
759, 1, 39, 262, 198, 0, 7.04%, 0, 0, 3, 756.16, 692145, 7424
764, 1, 39, 262, 198, 0, 7.04%, 0, 0, 3, 974.65, 696439, 7424
769, 1, 49, 262, 198, 0, 7.04%, 0, 0, 3, 979.64, 701462, 7424
774, 1, 39, 262, 198, 0, 7.04%, 0, 0, 3, 964.05, 706017, 7424
774, 1, 39, 262, 198, 0, 7.04%, 0, 0, 3, 0.00, 707830, 7424
779, 1, 39, 262, 198, 0, 7.04%, 0, 0, 3, 865.05, 712504, 7424
784, 1, 39, 262, 198, 0, 7.04%, 0, 0, 3, 863.27, 717027, 7424
789, 1, 39, 262, 198, 0, 7.04%, 0, 0, 3, 739.61, 720818, 7424
794, 1, 39, 262, 198, 0, 7.04%, 0, 0, 3, 934.71, 725714, 7424
799, 1, 122, 262, 198, 0, 7.04%, 0, 0, 3, 1045.75, 729983, 7424
804, 1, 39, 262, 198, 0, 7.04%, 0, 0, 3, 964.16, 734611, 7424
810, 1, 39, 262, 197, 0, 7.04%, 0, 0, 3, 911.18, 741246, 7424
815, 1, 39, 262, 197, 0, 7.04%, 0, 0, 3, 956.52, 746030, 7424
820, 1, 39, 262, 197, 0, 7.04%, 0, 0, 3, 990.34, 749958, 7424
825, 1, 39, 262, 197, 0, 7.04%, 0, 0, 3, 971.01, 754890, 7424
830, 1, 39, 262, 197, 0, 7.04%, 0, 0, 3, 153.79, 758905, 7424
835, 1, 39, 262, 197, 0, 7.04%, 0, 0, 3, 1108.49, 762881, 7424
835, 1, 39, 262, 197, 0, 7.04%, 0, 0, 3, 0.00, 764759, 7424
840, 1, 39, 262, 197, 0, 7.04%, 0, 0, 3, 993.10, 769828, 7424
845, 1, 39, 262, 197, 0, 7.04%, 0, 0, 3, 954.52, 774361, 7424
850, 1, 39, 262, 197, 0, 7.04%, 0, 0, 3, 836.06, 778500, 7424
855, 1, 39, 262, 197, 0, 7.04%, 0, 0, 3, 724.84, 782186, 7424
860, 1, 122, 262, 197, 0, 7.04%, 0, 0, 3, 884.72, 787011, 7424
865, 1, 49, 262, 197, 0, 7.04%, 0, 0, 3, 864.64, 791305, 7424
865, 1, 39, 262, 197, 0, 7.04%, 0, 0, 3, 0.00, 793027, 7424
870, 1, 46, 262, 197, 0, 7.04%, 0, 0, 3, 966.99, 797674, 7424
876, 1, 39, 262, 197, 0, 7.04%, 0, 0, 3, 471.81, 801799, 7424
881, 1, 39, 262, 197, 0, 7.04%, 0, 0, 3, 755.58, 805667, 7424
886, 1, 39, 262, 197, 0, 7.04%, 0, 0, 3, 896.04, 809891, 7424
891, 1, 104, 262, 197, 0, 7.04%, 0, 0, 3, 695.78, 814302, 7424
896, 1, 39, 262, 197, 0, 7.04%, 0, 0, 3, 733.57, 818307, 7424
896, 1, 46, 262, 197, 0, 7.04%, 0, 0, 3, 0.00, 819503, 7424
901, 1, 39, 262, 197, 0, 7.04%, 0, 0, 3, 996.52, 823807, 7424
906, 1, 39, 262, 197, 0, 7.04%, 0, 0, 3, 658.37, 828010, 7424
911, 1, 39, 262, 197, 0, 7.04%, 0, 0, 3, 893.89, 832836, 7424
916, 1, 39, 262, 197, 0, 7.04%, 0, 0, 3, 865.32, 837170, 7424
921, 1, 39, 262, 197, 0, 7.04%, 0, 0, 3, 956.75, 842053, 7424
926, 1, 39, 262, 197, 0, 7.04%, 0, 0, 3, 153.36, 846071, 7424
926, 1, 39, 262, 196, 0, 7.04%, 0, 0, 3, 0.00, 847756, 7424
931, 1, 39, 262, 196, 0, 7.04%, 0, 0, 3, 1109.88, 852047, 7424
936, 1, 122, 262, 196, 0, 7.04%, 0, 0, 3, 931.60, 855918, 7424
941, 1, 39, 262, 196, 0, 7.04%, 0, 0, 3, 1200.43, 860043, 7424
946, 1, 39, 262, 196, 0, 7.04%, 0, 0, 3, 1034.85, 865145, 7424
952, 1, 39, 262, 196, 0, 7.04%, 0, 0, 3, 963.53, 869953, 7424
957, 1, 39, 262, 196, 0, 7.04%, 0, 0, 3, 1139.49, 873504, 7424
957, 1, 39, 262, 196, 0, 7.04%, 0, 0, 3, 0.00, 875012, 7424
962, 1, 122, 262, 196, 0, 7.04%, 0, 0, 3, 948.17, 878798, 7424
967, 1, 39, 262, 196, 0, 7.04%, 0, 0, 3, 1066.04, 882376, 7424
972, 1, 143, 262, 196, 0, 7.04%, 0, 0, 3, 943.72, 886837, 7424
977, 1, 122, 262, 196, 0, 7.04%, 0, 0, 3, 916.41, 891450, 7424
982, 1, 39, 262, 196, 0, 7.04%, 0, 0, 3, 931.25, 896180, 7424
987, 1, 39, 262, 196, 0, 7.04%, 0, 0, 3, 981.95, 900997, 7424
987, 1, 39, 262, 196, 0, 7.04%, 0, 0, 3, 0.00, 902153, 7424
992, 1, 39, 262, 196, 0, 7.04%, 0, 0, 3, 1155.00, 906488, 7424
997, 1, 39, 262, 196, 0, 7.04%, 0, 0, 3, 1028.57, 911445, 7424
1002, 1, 39, 262, 196, 0, 7.04%, 0, 0, 3, 1039.65, 915974, 7424
1007, 1, 39, 262, 196, 0, 7.04%, 0, 0, 3, 1022.14, 921103, 7424
1012, 1, 39, 262, 196, 0, 7.04%, 0, 0, 3, 1022.57, 925980, 7424
1017, 1, 39, 262, 196, 0, 7.04%, 0, 0, 3, 1151.08, 930533, 7424
1017, 1, 39, 262, 196, 0, 7.04%, 0, 0, 3, 0.00, 931828, 7424
1022, 1, 39, 262, 196, 0, 7.04%, 0, 0, 3, 140.35, 935721, 7424
1028, 1, 39, 262, 196, 0, 7.04%, 0, 0, 3, 1094.93, 939931, 7424
1033, 1, 122, 262, 196, 0, 7.04%, 0, 0, 3, 680.35, 944146, 7424
1038, 1, 39, 262, 196, 0, 7.04%, 0, 0, 3, 749.66, 948214, 7424
1043, 1, 143, 262, 196, 0, 7.04%, 0, 0, 3, 907.16, 952960, 7424
1048, 1, 39, 262, 196, 0, 7.04%, 0, 0, 3, 738.02, 956489, 7424
1048, 1, 39, 262, 196, 0, 7.04%, 0, 0, 3, 0.00, 958412, 7424
1053, 1, 39, 262, 196, 0, 7.04%, 0, 0, 3, 814.39, 962738, 7424
1058, 1, 122, 262, 196, 0, 7.04%, 0, 0, 3, 962.00, 967954, 7424
1063, 1, 143, 262, 196, 0, 7.04%, 0, 0, 3, 940.23, 972636, 7424
1068, 1, 39, 262, 196, 0, 7.04%, 0, 0, 3, 569.26, 976611, 7424
1073, 1, 122, 262, 196, 0, 7.04%, 0, 0, 3, 839.17, 981046, 7424
1078, 1, 39, 262, 196, 0, 7.04%, 0, 0, 3, 953.05, 986009, 7424
1078, 1, 39, 262, 196, 0, 7.04%, 0, 0, 3, 0.00, 987826, 7424
1083, 1, 39, 262, 196, 0, 7.04%, 0, 0, 3, 923.22, 992582, 7424
1088, 1, 46, 262, 196, 0, 7.04%, 0, 0, 3, 897.38, 997005, 7424
1093, 1, 39, 262, 196, 0, 7.04%, 0, 0, 3, 927.73, 1001973, 7424
1098, 1, 39, 262, 196, 0, 7.04%, 0, 0, 3, 818.68, 1006002, 7424
1103, 1, 143, 262, 196, 0, 7.04%, 0, 0, 3, 898.31, 1010097, 7424
1109, 1, 39, 262, 196, 0, 7.04%, 0, 0, 3, 915.60, 1014692, 7424
1114, 1, 122, 262, 196, 0, 7.04%, 0, 0, 3, 989.78, 1021601, 7424
1119, 1, 39, 262, 196, 0, 7.04%, 0, 0, 3, 960.43, 1026615, 7424
1124, 1, 39, 262, 195, 0, 7.04%, 0, 0, 3, 812.16, 1030750, 7424
1129, 1, 39, 262, 195, 0, 7.04%, 0, 0, 3, 744.08, 1034433, 7424
1134, 1, 67, 262, 195, 0, 7.04%, 0, 0, 3, 872.45, 1038967, 7424
1139, 1, 39, 262, 195, 0, 7.04%, 0, 0, 3, 965.82, 1043787, 7424
1139, 1, 39, 262, 195, 0, 7.04%, 0, 0, 3, 0.00, 1045100, 7424
1144, 1, 39, 262, 195, 0, 7.04%, 0, 0, 3, 767.73, 1049485, 7424
1149, 1, 39, 262, 195, 0, 7.04%, 0, 0, 3, 928.02, 1054235, 7424
1154, 1, 39, 262, 195, 0, 7.04%, 0, 0, 3, 895.86, 1058468, 7424
1160, 1, 39, 262, 195, 0, 7.04%, 0, 0, 3, 154.21, 1063008, 7424
1165, 1, 39, 262, 195, 0, 7.04%, 0, 0, 3, 1065.95, 1067480, 7424
1170, 1, 39, 262, 195, 0, 7.04%, 0, 0, 3, 288.00, 1071352, 7424
1169, 1, 143, 262, 195, 0, 7.04%, 0, 0, 3, 0.00, 1072694, 7424
1174, 1, 39, 262, 195, 0, 7.04%, 0, 0, 3, 920.76, 1076880, 7424
1179, 1, 39, 262, 195, 0, 7.04%, 0, 0, 3, 994.11, 1082009, 7424
1185, 1, 39, 262, 195, 0, 7.04%, 0, 0, 3, 971.69, 1086938, 7424
1190, 1, 39, 262, 195, 0, 7.04%, 0, 0, 3, 1001.91, 1091951, 7424
1195, 1, 122, 262, 195, 0, 7.04%, 0, 0, 3, 988.02, 1096068, 7424
1200, 1, 46, 262, 195, 0, 7.04%, 0, 0, 3, 992.91, 1100962, 7424
1200, 1, 39, 262, 195, 0, 7.04%, 0, 0, 3, 0.00, 1102832, 7424
1205, 1, 39, 262, 194, 0, 7.04%, 0, 0, 3, 907.16, 1107500, 7424
1210, 1, 39, 262, 194, 0, 7.04%, 0, 0, 3, 915.74, 1112003, 7424
1215, 1, 39, 262, 194, 0, 7.04%, 0, 0, 3, 907.90, 1116458, 7424
1220, 1, 39, 262, 194, 0, 7.04%, 0, 0, 3, 871.20, 1120525, 7424
1225, 1, 122, 262, 194, 0, 7.04%, 0, 0, 3, 863.81, 1124711, 7424
1230, 1, 39, 262, 194, 0, 7.04%, 0, 0, 3, 973.83, 1129605, 7424
1230, 1, 39, 262, 194, 0, 7.04%, 0, 0, 3, 0.00, 1131151, 7424
1235, 1, 39, 262, 194, 0, 7.04%, 0, 0, 3, 761.30, 1135410, 7424
1240, 1, 39, 262, 194, 0, 7.04%, 0, 0, 3, 914.30, 1140140, 7424
1245, 1, 39, 262, 194, 0, 7.04%, 0, 0, 3, 958.46, 1145008, 7424
1250, 1, 39, 262, 194, 0, 7.04%, 0, 0, 3, 954.33, 1149714, 7424
1255, 1, 39, 262, 194, 0, 7.04%, 0, 0, 3, 998.33, 1154953, 7424
1261, 1, 46, 262, 194, 0, 7.04%, 0, 0, 3, 960.34, 1159696, 7424
1261, 1, 150, 262, 194, 0, 7.04%, 0, 0, 3, 0.00, 1161240, 7424
1266, 1, 39, 262, 192, 0, 7.04%, 0, 0, 3, 872.52, 1165614, 7424
1271, 1, 39, 262, 192, 0, 7.04%, 0, 0, 3, 892.30, 1170214, 7424
1276, 1, 39, 262, 192, 0, 7.04%, 0, 0, 3, 932.93, 1175015, 7424
1281, 1, 39, 262, 192, 0, 7.04%, 0, 0, 3, 978.95, 1180010, 7424
1286, 1, 39, 263, 192, 0, 7.04%, 0, 0, 3, 896.56, 1184525, 7424
1291, 1, 143, 263, 192, 0, 7.04%, 0, 0, 3, 821.77, 1188414, 7424
1291, 1, 39, 263, 192, 0, 7.04%, 0, 0, 3, 0.00, 1190053, 7424
1296, 1, 122, 263, 192, 0, 7.04%, 0, 0, 3, 907.21, 1194821, 7424
1301, 2, 122, 263, 192, 0, 7.04%, 0, 0, 3, 950.15, 1199728, 7424
1306, 2, 39, 263, 192, 0, 7.04%, 0, 0, 3, 921.97, 1204530, 7424
1311, 2, 39, 263, 192, 0, 7.04%, 0, 0, 3, 990.78, 1209620, 7424
1316, 2, 39, 263, 192, 0, 7.04%, 0, 0, 3, 989.40, 1214530, 7424
1322, 2, 39, 263, 191, 0, 7.04%, 0, 0, 3, 1022.44, 1219744, 7424
1321, 2, 39, 263, 191, 0, 7.04%, 0, 0, 3, 0.00, 1220973, 7424
1326, 2, 39, 263, 191, 0, 7.04%, 0, 0, 3, 754.36, 1225200, 7424
1331, 2, 39, 263, 190, 0, 7.04%, 0, 0, 3, 914.33, 1230079, 7424
1336, 2, 39, 263, 190, 0, 7.04%, 0, 0, 3, 663.39, 1233872, 7424
1342, 2, 39, 263, 190, 0, 7.04%, 0, 0, 3, 768.76, 1238140, 7424
1347, 2, 39, 263, 190, 0, 7.04%, 0, 0, 3, 866.70, 1242714, 7424
1352, 2, 46, 263, 190, 0, 7.04%, 0, 0, 3, 1027.45, 1246983, 7424
1352, 2, 133, 263, 190, 0, 7.04%, 0, 0, 3, 0.00, 1248391, 7424
1357, 2, 39, 263, 190, 0, 7.04%, 0, 0, 3, 861.28, 1253012, 7424
1362, 2, 39, 263, 190, 0, 7.04%, 0, 0, 3, 1033.84, 1257265, 7424
1367, 2, 39, 264, 191, 0, 7.04%, 0, 0, 3, 890.75, 1261817, 7424
1372, 2, 39, 264, 191, 0, 7.04%, 0, 0, 3, 975.39, 1266847, 7424
1377, 2, 39, 264, 191, 0, 7.04%, 0, 0, 3, 979.05, 1271328, 7424
1382, 2, 39, 264, 191, 0, 7.04%, 0, 0, 3, 1056.49, 1275908, 7424
1382, 2, 143, 264, 191, 0, 7.04%, 0, 0, 3, 0.00, 1277342, 7424
1387, 2, 143, 264, 191, 0, 7.04%, 0, 0, 3, 941.05, 1281936, 7424
1392, 2, 39, 264, 191, 0, 7.04%, 0, 0, 3, 983.57, 1286716, 7424
1397, 2, 39, 264, 191, 0, 7.04%, 0, 0, 3, 886.91, 1291008, 7424
1403, 2, 39, 264, 191, 0, 7.04%, 0, 0, 3, 1006.83, 1295667, 7424
1408, 2, 39, 264, 190, 0, 7.04%, 0, 0, 3, 1014.62, 1300760, 7424
1413, 2, 39, 264, 190, 0, 7.04%, 0, 0, 3, 1020.28, 1304293, 7424
1413, 2, 39, 264, 190, 0, 7.04%, 0, 0, 3, 0.00, 1305904, 7424
1418, 2, 39, 264, 190, 0, 7.04%, 0, 0, 3, 986.53, 1310270, 7424
1423, 2, 143, 264, 190, 0, 7.04%, 0, 0, 3, 874.11, 1314220, 7424
1428, 2, 39, 264, 190, 0, 7.04%, 0, 0, 3, 951.19, 1318993, 7424
1433, 2, 39, 264, 190, 0, 7.04%, 0, 0, 3, 628.14, 1323479, 7424
1438, 2, 39, 264, 190, 0, 7.04%, 0, 0, 3, 839.37, 1327820, 7424
1443, 2, 39, 264, 190, 0, 7.04%, 0, 0, 3, 959.62, 1332696, 7424
1443, 2, 39, 264, 190, 0, 7.04%, 0, 0, 3, 0.00, 1334343, 7424
1448, 2, 133, 264, 190, 0, 7.04%, 0, 0, 3, 848.98, 1338960, 7424
1453, 2, 39, 264, 190, 0, 7.04%, 0, 0, 3, 1114.45, 1343670, 7424
1458, 2, 39, 264, 190, 0, 7.04%, 0, 0, 3, 997.19, 1348744, 7424
1463, 2, 39, 264, 190, 0, 7.04%, 0, 0, 3, 946.97, 1353517, 7424
1468, 2, 39, 264, 190, 0, 7.04%, 0, 0, 3, 1127.04, 1357681, 7424
1473, 2, 39, 264, 190, 0, 7.04%, 0, 0, 3, 640.00, 1361428, 7424
1473, 2, 39, 264, 190, 0, 7.04%, 0, 0, 3, 0.00, 1363022, 7424
1478, 2, 39, 264, 190, 0, 7.04%, 0, 0, 3, 945.92, 1367677, 7424
1483, 2, 39, 264, 190, 0, 7.04%, 0, 0, 3, 901.27, 1372311, 7424
1489, 2, 39, 264, 190, 0, 7.04%, 0, 0, 3, 1168.03, 1377044, 7424
1494, 2, 39, 264, 190, 0, 7.04%, 0, 0, 3, 1028.64, 1382088, 7424
1499, 2, 39, 264, 190, 0, 7.04%, 0, 0, 3, 886.51, 1386685, 7424
1504, 2, 39, 264, 190, 0, 7.04%, 0, 0, 3, 969.92, 1391072, 7424
1504, 2, 39, 264, 190, 0, 7.04%, 0, 0, 3, 0.00, 1392593, 7424
1509, 2, 39, 264, 190, 0, 7.04%, 0, 0, 3, 318.18, 1397057, 7424
1514, 2, 39, 264, 190, 0, 7.04%, 0, 0, 3, 777.27, 1401694, 7424
1519, 2, 49, 264, 190, 0, 7.04%, 0, 0, 3, 893.37, 1406231, 7424
1524, 2, 39, 264, 190, 0, 7.04%, 0, 0, 3, 1012.98, 1411501, 7424
1529, 2, 143, 264, 190, 0, 7.04%, 0, 0, 3, 988.55, 1416690, 7424
1534, 2, 39, 264, 190, 0, 7.04%, 0, 0, 3, 1008.68, 1421730, 7424
1534, 2, 49, 264, 190, 0, 7.04%, 0, 0, 3, 0.00, 1422804, 7424
1539, 2, 39, 264, 190, 0, 7.04%, 0, 0, 3, 1203.45, 1427824, 7424
1544, 2, 122, 264, 190, 0, 7.04%, 0, 0, 3, 1020.34, 1432890, 7424
1549, 2, 39, 264, 190, 0, 7.04%, 0, 0, 3, 1026.21, 1437979, 7424
1554, 2, 46, 264, 190, 0, 7.04%, 0, 0, 3, 979.53, 1442811, 7424
1559, 2, 39, 264, 190, 0, 7.04%, 0, 0, 3, 1005.96, 1447891, 7424
1565, 2, 39, 264, 190, 0, 7.04%, 0, 0, 3, 1020.92, 1452995, 7424
1564, 2, 39, 264, 190, 0, 7.04%, 0, 0, 3, 0.00, 1454436, 7424
1569, 2, 39, 264, 190, 0, 7.04%, 0, 0, 3, 425.72, 1458698, 7424
1574, 2, 39, 264, 190, 0, 7.04%, 0, 0, 3, 835.36, 1463385, 7424
1580, 2, 38, 264, 190, 0, 7.04%, 0, 0, 3, 925.58, 1468006, 7424
1585, 2, 122, 264, 190, 0, 7.04%, 0, 0, 3, 923.37, 1472710, 7424
1590, 2, 39, 264, 190, 0, 7.04%, 0, 0, 3, 1010.10, 1477728, 7424
1595, 2, 39, 264, 190, 0, 7.04%, 0, 0, 3, 983.16, 1482492, 7424
1600, 2, 39, 264, 190, 0, 7.04%, 0, 0, 3, 955.42, 1488969, 7424
1605, 2, 143, 264, 189, 0, 7.04%, 0, 0, 3, 894.30, 1493409, 7424
1610, 2, 38, 264, 189, 0, 7.04%, 0, 0, 3, 955.53, 1498462, 7424
1615, 2, 39, 264, 189, 0, 7.04%, 0, 0, 3, 917.44, 1503003, 7424
1620, 2, 39, 264, 189, 0, 7.04%, 0, 0, 3, 888.39, 1507426, 7424
1625, 2, 39, 264, 189, 0, 7.04%, 0, 0, 3, 998.21, 1512112, 7424
1625, 2, 39, 264, 189, 0, 7.04%, 0, 0, 3, 0.00, 1513614, 7424
1630, 2, 39, 264, 189, 0, 7.04%, 0, 0, 3, 1086.66, 1517776, 7424
1635, 2, 39, 264, 189, 0, 7.04%, 0, 0, 3, 1121.71, 1522353, 7424
1640, 2, 39, 264, 189, 0, 7.04%, 0, 0, 3, 1060.60, 1527608, 7424
1646, 2, 39, 264, 189, 0, 7.04%, 0, 0, 3, 999.79, 1532114, 7424
1651, 2, 39, 264, 189, 0, 7.04%, 0, 0, 3, 929.44, 1536746, 7424
1656, 2, 39, 264, 189, 0, 7.04%, 0, 0, 3, 1033.69, 1540335, 7424
1656, 2, 39, 264, 189, 0, 7.04%, 0, 0, 3, 0.00, 1541800, 7424
1661, 2, 133, 264, 189, 0, 7.04%, 0, 0, 3, 1004.27, 1546452, 7424
1666, 2, 39, 264, 189, 0, 7.04%, 0, 0, 3, 230.89, 1550318, 7424
1671, 2, 39, 264, 189, 0, 7.04%, 0, 0, 3, 701.91, 1554453, 7424
1676, 2, 39, 264, 189, 0, 7.04%, 0, 0, 3, 895.50, 1559178, 7424
1681, 2, 39, 264, 189, 0, 7.04%, 0, 0, 3, 971.66, 1564355, 7424
1686, 2, 46, 264, 189, 0, 7.04%, 0, 0, 3, 995.90, 1569448, 7424
1686, 2, 122, 264, 189, 0, 7.04%, 0, 0, 3, 0.00, 1571019, 7424
1691, 2, 39, 264, 189, 0, 7.04%, 0, 0, 3, 994.93, 1576005, 7424
1696, 2, 39, 264, 189, 0, 7.04%, 0, 0, 3, 953.63, 1580707, 7424
1701, 2, 143, 264, 189, 0, 7.04%, 0, 0, 3, 904.80, 1585226, 7424
1706, 2, 39, 264, 189, 0, 7.04%, 0, 0, 3, 818.02, 1589433, 7424
1712, 2, 122, 264, 189, 0, 7.04%, 0, 0, 3, 1087.26, 1594004, 7424
1717, 2, 39, 264, 189, 0, 7.04%, 0, 0, 3, 1028.20, 1599001, 7424
1716, 2, 39, 264, 189, 0, 7.04%, 0, 0, 3, 0.00, 1600789, 7424
1721, 2, 39, 264, 189, 0, 7.04%, 0, 0, 3, 1174.59, 1604499, 7424
1727, 2, 39, 264, 189, 0, 7.04%, 0, 0, 3, 1051.34, 1609772, 7424
1732, 2, 39, 264, 189, 0, 7.04%, 0, 0, 3, 611.07, 1614316, 7424
1737, 2, 39, 264, 188, 0, 7.04%, 0, 0, 3, 720.84, 1617998, 7424
1742, 2, 39, 264, 188, 0, 7.04%, 0, 0, 3, 917.03, 1623105, 7424
1747, 2, 39, 264, 188, 0, 7.04%, 0, 0, 3, 956.10, 1628064, 7424
1747, 2, 143, 264, 188, 0, 7.04%, 0, 0, 3, 0.00, 1629324, 7424
1752, 2, 39, 264, 188, 0, 7.04%, 0, 0, 3, 957.52, 1634003, 7424
1757, 2, 39, 264, 187, 0, 7.04%, 0, 0, 3, 979.77, 1638321, 7424
1762, 2, 39, 264, 187, 0, 7.04%, 0, 0, 3, 179.76, 1643191, 7424
1767, 2, 39, 264, 187, 0, 7.04%, 0, 0, 3, 835.67, 1648132, 7424
1772, 2, 39, 264, 187, 0, 7.04%, 0, 0, 3, 947.12, 1653012, 7424
1778, 2, 122, 264, 187, 0, 7.04%, 0, 0, 3, 1127.90, 1657733, 7424
1777, 2, 39, 264, 187, 0, 7.04%, 0, 0, 3, 0.00, 1659095, 7424
1782, 2, 122, 264, 187, 0, 7.04%, 0, 0, 3, 1076.13, 1664544, 7424
1787, 2, 39, 264, 187, 0, 7.04%, 0, 0, 3, 1059.84, 1669741, 7424
1792, 2, 39, 264, 187, 0, 7.04%, 0, 0, 3, 1055.12, 1674922, 7424
1797, 2, 67, 264, 187, 0, 7.04%, 0, 0, 3, 592.28, 1679429, 7424
1802, 2, 39, 264, 187, 0, 7.04%, 0, 0, 3, 808.34, 1684017, 7424
1808, 2, 39, 264, 187, 0, 7.04%, 0, 0, 3, 903.64, 1688487, 7424
1807, 2, 39, 264, 187, 0, 7.04%, 0, 0, 3, 0.00, 1690413, 7424
1813, 2, 38, 264, 187, 0, 7.04%, 0, 0, 3, 927.16, 1694985, 7424
1818, 2, 39, 264, 187, 0, 7.04%, 0, 0, 3, 1008.26, 1700140, 7424
1823, 2, 39, 264, 187, 0, 7.04%, 0, 0, 3, 955.47, 1705017, 7424
1828, 2, 39, 264, 187, 0, 7.04%, 0, 0, 3, 941.96, 1709472, 7424
1833, 2, 39, 264, 187, 0, 7.04%, 0, 0, 3, 1172.52, 1713562, 7424
1838, 2, 39, 264, 187, 0, 7.04%, 0, 0, 3, 650.59, 1718005, 7424
1838, 2, 39, 264, 187, 0, 7.04%, 0, 0, 3, 0.00, 1719832, 7424
1843, 2, 39, 264, 187, 0, 7.04%, 0, 0, 3, 963.70, 1724490, 7424
1848, 2, 143, 264, 187, 0, 7.04%, 0, 0, 3, 1182.03, 1729202, 7424
1853, 2, 39, 264, 187, 0, 7.04%, 0, 0, 3, 1094.36, 1734516, 7424
1858, 2, 122, 264, 187, 0, 7.04%, 0, 0, 3, 956.07, 1739216, 7424
1863, 2, 39, 264, 187, 0, 7.04%, 0, 0, 3, 910.44, 1743540, 7424
1869, 2, 122, 264, 186, 0, 7.04%, 0, 0, 3, 918.60, 1748199, 7424
1868, 2, 122, 264, 186, 0, 7.04%, 0, 0, 3, 0.00, 1749881, 7424
1873, 2, 39, 264, 186, 0, 7.04%, 0, 0, 3, 833.20, 1754409, 7424
1879, 2, 39, 264, 186, 0, 7.04%, 0, 0, 3, 941.17, 1759372, 7424
1884, 2, 39, 264, 186, 0, 7.04%, 0, 0, 3, 930.60, 1764055, 7424
1889, 2, 143, 264, 186, 0, 7.04%, 0, 0, 3, 983.39, 1769198, 7424
1894, 2, 38, 264, 186, 0, 7.04%, 0, 0, 3, 984.21, 1774110, 7424
1899, 2, 39, 264, 186, 0, 7.04%, 0, 0, 3, 908.44, 1778829, 7424
1899, 2, 39, 264, 186, 0, 7.04%, 0, 0, 3, 0.00, 1780704, 7424
1904, 2, 39, 264, 186, 0, 7.04%, 0, 0, 3, 1065.76, 1785894, 7424
1909, 2, 39, 264, 186, 0, 7.04%, 0, 0, 3, 1007.22, 1791014, 7424
1914, 2, 46, 264, 186, 0, 7.04%, 0, 0, 3, 825.95, 1794711, 7424
1919, 2, 122, 264, 186, 0, 7.04%, 0, 0, 3, 964.19, 1799622, 7424
1924, 2, 39, 264, 186, 0, 7.04%, 0, 0, 3, 904.74, 1804170, 7424
1930, 2, 39, 264, 186, 0, 7.04%, 0, 0, 3, 1051.80, 1809830, 7424
1929, 2, 39, 264, 186, 0, 7.04%, 0, 0, 3, 0.00, 1811321, 7424
1934, 2, 39, 264, 186, 0, 7.04%, 0, 0, 3, 1006.36, 1816255, 7424
1939, 3, 39, 264, 186, 0, 7.04%, 0, 0, 3, 806.47, 1819756, 7424
1944, 3, 123, 264, 186, 0, 7.04%, 0, 0, 3, 963.08, 1824826, 7424
1950, 3, 122, 264, 185, 0, 7.04%, 0, 0, 3, 930.85, 1829597, 7424
1955, 3, 39, 264, 185, 0, 7.04%, 0, 0, 3, 1032.94, 1834489, 7424
1960, 3, 39, 264, 185, 0, 7.04%, 0, 0, 3, 992.45, 1839475, 7424
1960, 3, 39, 264, 185, 0, 7.04%, 0, 0, 3, 0.00, 1840830, 7424
1965, 3, 39, 264, 185, 0, 7.04%, 0, 0, 3, 698.09, 1844681, 7424
1970, 3, 39, 264, 185, 0, 7.04%, 0, 0, 3, 999.14, 1849881, 7424
1975, 3, 39, 264, 185, 0, 7.04%, 0, 0, 3, 1016.46, 1855005, 7424
1980, 3, 39, 264, 185, 0, 7.04%, 0, 0, 3, 1008.18, 1860009, 7424
1985, 3, 252, 264, 185, 0, 7.04%, 0, 0, 3, 927.64, 1864824, 7424
1990, 3, 46, 264, 184, 0, 7.04%, 0, 0, 3, 936.51, 1869502, 7424
1995, 3, 39, 264, 184, 0, 7.04%, 0, 0, 3, 146.55, 1875399, 7424
2000, 3, 39, 264, 184, 0, 7.04%, 0, 0, 3, 913.43, 1879447, 7424
2005, 3, 39, 264, 184, 0, 7.04%, 0, 0, 3, 830.05, 1883673, 7424
2010, 3, 39, 264, 184, 0, 7.04%, 0, 0, 3, 862.10, 1888014, 7424
2016, 3, 39, 264, 183, 0, 7.04%, 0, 0, 3, 677.03, 1892008, 7424
2021, 3, 39, 264, 183, 0, 7.04%, 0, 0, 3, 159.09, 1894871, 7424
2026, 3, 39, 264, 183, 0, 7.04%, 0, 0, 3, 143.76, 1900018, 7424
2031, 3, 39, 264, 183, 0, 7.04%, 0, 0, 3, 882.72, 1904330, 7424
2036, 3, 39, 264, 183, 0, 7.04%, 0, 0, 3, 917.32, 1908993, 7424
2041, 3, 39, 264, 183, 0, 7.04%, 0, 0, 3, 956.36, 1913808, 7424
2046, 3, 39, 264, 183, 0, 7.04%, 0, 0, 3, 994.24, 1918773, 7424
2051, 3, 39, 264, 183, 0, 7.04%, 0, 0, 3, 951.77, 1923460, 7424
2056, 3, 39, 264, 183, 0, 7.04%, 0, 0, 3, 926.96, 1930435, 7424
2058, 3, 39, 264, 183, 0, 7.04%, 0, 0, 3, 1184.42, 1931602, 7424
