# relative_time, cycles_done, cur_item, corpus_count, pending_total, pending_favs, map_size, saved_crashes, saved_hangs, max_depth, execs_per_sec, total_execs, edges_found
18446744073709550, 0, 0, 535, 3, 0, 2.11%, 0, 0, 1, 0.00, 7009, 2230
64, 0, 551, 552, 6, 0, 2.46%, 0, 1, 7, 2650.80, 183913, 2594
69, 0, 551, 552, 6, 0, 2.46%, 0, 1, 7, 2572.21, 197056, 2594
74, 0, 551, 554, 8, 0, 2.46%, 0, 1, 8, 2412.10, 209271, 2595
80, 0, 554, 555, 7, 1, 2.46%, 0, 1, 8, 2302.44, 221236, 2596
85, 0, 551, 557, 7, 0, 2.47%, 0, 1, 8, 2307.94, 232972, 2611
90, 0, 551, 557, 7, 0, 2.47%, 0, 1, 8, 2595.51, 246347, 2611
89, 0, 551, 558, 8, 0, 2.47%, 0, 1, 8, 0.00, 249336, 2611
94, 0, 551, 564, 14, 0, 4.24%, 0, 1, 8, 1857.69, 257819, 4475
99, 0, 564, 566, 15, 1, 4.24%, 0, 1, 8, 3229.05, 264224, 4476
105, 0, 555, 566, 14, 0, 4.24%, 0, 2, 8, 2881.42, 272862, 4476
110, 0, 551, 566, 14, 0, 4.24%, 0, 2, 8, 2654.16, 286195, 4476
115, 0, 551, 566, 14, 0, 4.24%, 0, 2, 8, 2615.17, 299391, 4476
120, 0, 551, 566, 14, 0, 4.24%, 0, 2, 8, 2511.67, 312190, 4476
120, 0, 551, 566, 14, 0, 4.24%, 0, 2, 8, 0.00, 317119, 4476
125, 0, 552, 571, 19, 0, 5.81%, 0, 2, 9, 2092.67, 327185, 6134
130, 0, 566, 572, 17, 1, 5.81%, 0, 3, 10, 182.44, 337202, 6135
135, 0, 569, 572, 16, 0, 5.81%, 0, 3, 10, 2503.18, 348223, 6135
140, 0, 569, 574, 17, 0, 5.81%, 0, 3, 10, 2581.93, 361314, 6135
145, 0, 569, 574, 17, 0, 5.81%, 0, 3, 10, 2585.70, 374386, 6135
150, 0, 544, 574, 17, 0, 5.81%, 0, 3, 10, 2694.03, 388303, 6135
150, 0, 551, 576, 19, 0, 5.82%, 0, 3, 10, 0.00, 391377, 6136
155, 0, 551, 579, 19, 0, 6.21%, 0, 3, 10, 2064.67, 402572, 6554
160, 0, 571, 579, 19, 0, 6.21%, 0, 3, 10, 2482.71, 414996, 6554
165, 0, 546, 579, 19, 0, 6.21%, 0, 3, 10, 2610.78, 428223, 6554
170, 0, 572, 584, 23, 0, 6.23%, 0, 3, 11, 76.97, 431496, 6573
176, 0, 572, 585, 24, 0, 6.23%, 0, 3, 11, 11.27, 431750, 6573
181, 0, 572, 588, 27, 0, 6.23%, 0, 3, 11, 2336.96, 443674, 6573
180, 0, 571, 588, 26, 0, 6.23%, 0, 3, 11, 0.00, 445991, 6573
186, 0, 575, 589, 27, 0, 6.23%, 0, 3, 11, 161.91, 452784, 6573
191, 0, 575, 589, 27, 0, 6.23%, 0, 3, 11, 83.80, 453137, 6573
196, 0, 575, 589, 27, 0, 6.23%, 0, 3, 11, 9.71, 453498, 6573
201, 0, 575, 589, 27, 0, 6.23%, 0, 3, 11, 82.79, 453753, 6573
206, 0, 587, 589, 26, 1, 6.23%, 0, 3, 11, 82.17, 461926, 6573
211, 0, 589, 594, 29, 2, 6.23%, 0, 3, 11, 2859.39, 466580, 6574
211, 0, 551, 594, 28, 1, 6.23%, 0, 3, 11, 0.00, 469302, 6574
216, 0, 576, 594, 26, 1, 6.23%, 0, 3, 11, 2956.37, 483000, 6574
221, 0, 551, 596, 25, 1, 6.24%, 0, 3, 11, 2039.99, 492718, 6581
226, 0, 569, 596, 23, 1, 6.24%, 0, 3, 11, 2350.95, 504716, 6581
231, 0, 571, 596, 23, 1, 6.24%, 0, 3, 11, 2557.43, 518081, 6581
237, 0, 589, 599, 26, 1, 6.25%, 0, 4, 11, 92.34, 526065, 6597
242, 0, 601, 602, 28, 3, 6.25%, 0, 4, 11, 1518.49, 533696, 6597
242, 0, 601, 602, 28, 3, 6.25%, 0, 5, 11, 0.00, 534072, 6597
247, 0, 551, 602, 25, 0, 6.25%, 0, 5, 11, 2439.22, 546714, 6597
252, 0, 597, 602, 25, 0, 6.25%, 0, 5, 11, 2498.67, 559376, 6597
258, 0, 601, 606, 27, 0, 7.22%, 0, 5, 11, 2294.91, 570649, 7621
263, 0, 601, 608, 29, 0, 7.24%, 0, 6, 11, 2963.69, 578272, 7642
268, 0, 606, 609, 28, 0, 7.26%, 0, 6, 11, 2887.29, 590974, 7659
273, 0, 601, 609, 27, 0, 7.26%, 0, 6, 11, 2341.21, 603115, 7659
271, 0, 601, 609, 27, 0, 7.26%, 0, 6, 11, 0.00, 604392, 7659
277, 0, 602, 609, 27, 0, 7.26%, 0, 6, 11, 1845.91, 611696, 7659
282, 0, 609, 610, 27, 0, 7.26%, 0, 6, 11, 3025.30, 620218, 7665
289, 0, 609, 610, 27, 0, 7.26%, 0, 7, 11, 334.46, 633246, 7665
294, 0, 609, 610, 27, 0, 7.26%, 0, 7, 11, 367.79, 644220, 7665
299, 0, 576, 610, 27, 0, 7.26%, 0, 7, 11, 2860.25, 656098, 7665
305, 0, 609, 610, 27, 0, 7.26%, 0, 7, 11, 550.28, 671291, 7665
310, 0, 609, 610, 27, 0, 7.26%, 0, 8, 11, 2822.71, 679513, 7665
315, 0, 605, 611, 28, 0, 7.27%, 0, 8, 11, 2501.28, 690085, 7667
320, 0, 609, 611, 27, 0, 7.27%, 0, 8, 11, 2144.64, 700969, 7667
325, 0, 571, 611, 27, 0, 7.27%, 0, 8, 11, 3008.38, 713112, 7667
330, 0, 609, 611, 27, 0, 7.27%, 0, 8, 11, 2564.37, 722367, 7667
335, 0, 607, 611, 27, 0, 7.27%, 0, 8, 11, 2151.99, 738254, 7667
340, 0, 607, 611, 27, 0, 7.27%, 0, 8, 11, 3050.36, 749007, 7667
346, 0, 597, 611, 27, 0, 7.27%, 0, 8, 11, 2956.09, 758169, 7667
351, 0, 609, 613, 29, 0, 7.27%, 0, 8, 11, 1980.16, 766426, 7667
356, 0, 601, 613, 29, 0, 7.27%, 0, 8, 11, 2795.10, 777477, 7667
361, 0, 609, 613, 29, 0, 7.27%, 0, 8, 11, 253.52, 789464, 7667
366, 0, 551, 614, 30, 0, 7.27%, 0, 8, 11, 1470.48, 802721, 7667
371, 0, 609, 614, 30, 0, 7.27%, 0, 8, 11, 2659.15, 814545, 7667
376, 0, 609, 615, 31, 0, 7.27%, 0, 8, 11, 2195.54, 824214, 7673
381, 0, 609, 618, 34, 0, 7.28%, 0, 8, 11, 2523.59, 831084, 7686
386, 0, 609, 621, 35, 1, 7.28%, 0, 8, 11, 1888.81, 839423, 7687
391, 0, 575, 622, 35, 2, 7.29%, 0, 8, 11, 2829.66, 848968, 7694
397, 0, 577, 622, 33, 1, 7.29%, 0, 8, 11, 2262.43, 865140, 7694
402, 0, 609, 622, 32, 0, 7.29%, 0, 8, 11, 2224.42, 876648, 7694
407, 0, 620, 622, 32, 0, 7.29%, 0, 8, 11, 2644.70, 887956, 7694
412, 0, 609, 623, 33, 0, 7.29%, 0, 8, 11, 2554.07, 900493, 7694
417, 0, 609, 623, 33, 0, 7.29%, 0, 9, 11, 154.55, 907686, 7694
422, 0, 609, 623, 33, 0, 7.29%, 0, 9, 11, 2465.89, 916716, 7694
427, 0, 616, 623, 33, 0, 7.29%, 0, 9, 11, 2151.92, 933738, 7694
432, 0, 609, 625, 35, 0, 7.29%, 0, 9, 11, 2814.92, 942768, 7694
438, 0, 609, 625, 34, 0, 7.29%, 0, 9, 11, 1935.28, 952821, 7694
443, 0, 609, 625, 34, 0, 7.29%, 0, 9, 11, 2472.73, 965812, 7694
448, 0, 551, 625, 34, 0, 7.29%, 0, 9, 11, 2306.57, 975577, 7694
453, 0, 609, 625, 34, 0, 7.29%, 0, 9, 11, 2539.23, 987568, 7694
458, 0, 609, 625, 34, 0, 7.29%, 0, 9, 11, 1916.33, 1001932, 7694
464, 0, 601, 625, 34, 0, 7.29%, 0, 9, 11, 2429.45, 1011936, 7694
469, 0, 609, 625, 34, 0, 7.29%, 0, 9, 11, 2408.36, 1023991, 7694
474, 0, 571, 625, 34, 0, 7.29%, 0, 10, 11, 1618.98, 1032721, 7694
479, 0, 555, 626, 35, 0, 7.30%, 0, 10, 11, 2619.03, 1041315, 7705
484, 0, 618, 626, 34, 0, 7.30%, 0, 10, 11, 976.58, 1051029, 7705
484, 0, 621, 627, 35, 0, 7.30%, 0, 10, 11, 0.00, 1055030, 7706
489, 0, 621, 628, 36, 0, 7.31%, 0, 10, 11, 2842.20, 1065639, 7709
494, 0, 628, 630, 36, 1, 7.31%, 0, 10, 12, 75.57, 1069279, 7714
499, 0, 628, 630, 36, 1, 7.31%, 0, 10, 12, 7.69, 1069663, 7714
505, 0, 628, 630, 36, 1, 7.31%, 0, 10, 12, 78.30, 1069884, 7714
510, 0, 607, 630, 35, 1, 7.31%, 0, 10, 12, 2561.87, 1077311, 7714
515, 0, 579, 630, 35, 1, 7.31%, 0, 10, 12, 2618.33, 1090709, 7714
514, 0, 609, 630, 35, 1, 7.31%, 0, 10, 12, 0.00, 1094067, 7714
519, 0, 593, 631, 36, 1, 7.31%, 0, 10, 12, 2387.82, 1103452, 7715
526, 0, 609, 631, 34, 1, 7.31%, 0, 11, 12, 12.99, 1111119, 7715
531, 0, 606, 631, 34, 1, 7.31%, 0, 11, 12, 2656.08, 1122839, 7715
536, 0, 621, 631, 34, 1, 7.31%, 0, 11, 12, 2581.49, 1135107, 7715
541, 0, 609, 631, 34, 1, 7.31%, 0, 12, 12, 2986.02, 1142905, 7715
546, 0, 621, 631, 34, 1, 7.31%, 0, 12, 12, 2542.58, 1153167, 7715
545, 0, 621, 632, 35, 1, 7.31%, 0, 12, 12, 0.00, 1155033, 7715
550, 0, 630, 632, 35, 1, 7.31%, 0, 12, 12, 1832.24, 1165119, 7715
555, 0, 609, 632, 33, 1, 7.31%, 0, 12, 12, 1855.27, 1173229, 7715
560, 0, 609, 632, 33, 1, 7.31%, 0, 12, 12, 343.46, 1183256, 7715
565, 0, 609, 633, 34, 1, 7.31%, 0, 12, 12, 2505.82, 1190463, 7715
571, 0, 601, 634, 35, 1, 7.31%, 0, 12, 12, 381.54, 1199324, 7715
576, 0, 626, 634, 33, 0, 7.31%, 0, 12, 12, 2689.34, 1212123, 7715
575, 0, 609, 634, 33, 0, 7.31%, 0, 12, 12, 0.00, 1215529, 7715
580, 0, 575, 634, 33, 0, 7.31%, 0, 12, 12, 2667.66, 1227519, 7715
585, 0, 609, 634, 33, 0, 7.31%, 0, 12, 12, 2588.26, 1240663, 7715
591, 0, 609, 634, 33, 0, 7.31%, 0, 12, 12, 2305.52, 1252220, 7715
596, 0, 626, 634, 33, 0, 7.31%, 0, 12, 12, 2555.99, 1265641, 7715
601, 0, 627, 634, 33, 0, 7.31%, 0, 12, 12, 2890.22, 1277551, 7715
606, 0, 609, 634, 33, 0, 7.31%, 0, 12, 12, 2300.72, 1288131, 7715
606, 0, 609, 634, 33, 0, 7.31%, 0, 12, 12, 0.00, 1291423, 7715
611, 0, 609, 634, 33, 0, 7.31%, 0, 12, 12, 3186.47, 1301639, 7715
616, 0, 609, 634, 33, 0, 7.31%, 0, 12, 12, 3131.76, 1308590, 7715
621, 0, 609, 635, 34, 0, 7.31%, 0, 12, 12, 592.17, 1318407, 7715
626, 0, 609, 635, 34, 1, 7.31%, 0, 12, 12, 1866.29, 1326923, 7715
631, 0, 609, 635, 33, 0, 7.31%, 0, 12, 12, 1988.66, 1335483, 7715
636, 0, 595, 635, 33, 0, 7.31%, 0, 12, 12, 2205.44, 1346146, 7715
636, 0, 609, 635, 33, 0, 7.31%, 0, 12, 12, 0.00, 1348643, 7715
641, 0, 635, 636, 33, 0, 7.31%, 0, 12, 12, 2588.46, 1361271, 7716
646, 0, 636, 637, 34, 1, 7.31%, 0, 12, 12, 2656.61, 1370440, 7716
651, 0, 597, 637, 33, 0, 7.31%, 0, 12, 12, 3046.72, 1377863, 7716
656, 0, 609, 637, 33, 0, 7.31%, 0, 12, 12, 177.57, 1388774, 7716
661, 0, 609, 637, 33, 0, 7.31%, 0, 12, 12, 306.12, 1396813, 7716
667, 0, 609, 637, 33, 0, 7.31%, 0, 12, 12, 2492.76, 1407825, 7716
666, 0, 609, 637, 33, 0, 7.31%, 0, 12, 12, 0.00, 1410017, 7716
671, 0, 609, 637, 33, 0, 7.31%, 0, 12, 12, 280.95, 1419848, 7716
676, 0, 624, 637, 33, 0, 7.31%, 0, 12, 12, 2701.61, 1432657, 7716
681, 0, 607, 637, 33, 0, 7.31%, 0, 12, 12, 2604.16, 1443320, 7716
687, 0, 609, 638, 34, 0, 7.31%, 0, 12, 12, 2643.62, 1454916, 7716
692, 0, 609, 638, 34, 0, 7.31%, 0, 12, 12, 2628.54, 1464917, 7716
697, 0, 551, 638, 34, 0, 7.31%, 0, 12, 12, 2331.74, 1477084, 7716
702, 0, 609, 638, 34, 0, 7.31%, 0, 12, 12, 505.08, 1487995, 7716
707, 0, 609, 638, 34, 0, 7.31%, 0, 12, 12, 2604.71, 1498999, 7716
712, 0, 630, 638, 34, 0, 7.31%, 0, 12, 12, 2229.64, 1506539, 7716
717, 0, 601, 638, 34, 0, 7.31%, 0, 12, 12, 2230.41, 1516024, 7716
723, 0, 575, 638, 34, 0, 7.31%, 0, 13, 12, 3382.49, 1527425, 7716
728, 0, 609, 638, 34, 0, 7.31%, 0, 13, 12, 3459.36, 1538863, 7716
733, 0, 605, 638, 34, 0, 7.31%, 0, 13, 12, 2393.67, 1548793, 7716
738, 0, 571, 638, 34, 0, 7.31%, 0, 13, 12, 2424.75, 1560767, 7716
743, 0, 609, 638, 34, 0, 7.31%, 0, 13, 12, 590.70, 1573046, 7716
748, 0, 609, 638, 34, 0, 7.31%, 0, 13, 12, 2784.13, 1585248, 7716
753, 0, 609, 638, 34, 0, 7.31%, 0, 13, 12, 2438.58, 1597121, 7716
758, 0, 630, 638, 34, 0, 7.31%, 0, 13, 12, 1975.98, 1607531, 7716
763, 0, 633, 638, 34, 0, 7.31%, 0, 13, 12, 2107.37, 1617454, 7716
769, 0, 609, 638, 34, 0, 7.31%, 0, 13, 12, 2061.07, 1627575, 7716
774, 0, 609, 638, 34, 0, 7.31%, 0, 13, 12, 2199.48, 1638206, 7716
779, 0, 630, 638, 34, 0, 7.31%, 0, 13, 12, 2675.34, 1652227, 7716
784, 0, 606, 639, 35, 0, 7.31%, 0, 13, 12, 2996.49, 1660613, 7716
789, 0, 601, 639, 35, 0, 7.31%, 0, 13, 12, 2768.36, 1670239, 7716
794, 0, 551, 640, 36, 1, 7.31%, 0, 13, 12, 3418.01, 1682956, 7716
799, 0, 626, 640, 35, 0, 7.31%, 0, 13, 12, 3105.66, 1696978, 7716
804, 0, 609, 640, 35, 0, 7.31%, 0, 13, 12, 3214.40, 1710038, 7716
810, 0, 575, 640, 35, 0, 7.31%, 0, 13, 12, 3335.00, 1719999, 7716
815, 0, 551, 640, 35, 0, 7.31%, 0, 13, 12, 2620.55, 1733207, 7716
820, 0, 609, 640, 35, 0, 7.31%, 0, 13, 12, 2864.79, 1746041, 7716
825, 0, 609, 640, 35, 0, 7.31%, 0, 13, 12, 2485.34, 1757586, 7716
830, 0, 609, 640, 35, 0, 7.31%, 0, 13, 12, 2213.19, 1766845, 7716
835, 0, 609, 640, 35, 0, 7.31%, 0, 13, 12, 2066.37, 1775457, 7716
840, 0, 609, 640, 35, 0, 7.31%, 0, 13, 12, 2291.20, 1786353, 7716
845, 1, 609, 640, 35, 0, 7.31%, 0, 13, 12, 2443.42, 1797893, 7716
850, 1, 609, 641, 36, 0, 7.31%, 0, 13, 12, 2020.62, 1806490, 7716
856, 1, 609, 642, 37, 1, 7.32%, 0, 13, 12, 2010.20, 1816528, 7720
861, 1, 601, 644, 38, 0, 7.32%, 0, 13, 12, 2374.32, 1825573, 7720
866, 1, 626, 644, 38, 0, 7.32%, 0, 13, 12, 2345.29, 1837605, 7720
872, 1, 551, 644, 38, 0, 7.32%, 0, 13, 12, 2297.65, 1848570, 7720
877, 1, 609, 644, 38, 0, 7.32%, 0, 13, 12, 1819.45, 1856843, 7720
882, 1, 609, 644, 38, 0, 7.32%, 0, 13, 12, 1974.09, 1870603, 7720
887, 1, 609, 644, 37, 0, 7.32%, 0, 13, 12, 2066.75, 1881412, 7720
892, 1, 609, 646, 39, 0, 7.54%, 0, 13, 12, 2155.10, 1891437, 7954
897, 1, 609, 646, 38, 0, 7.54%, 0, 13, 12, 2283.56, 1902705, 7954
902, 1, 645, 646, 38, 0, 7.54%, 0, 13, 12, 2703.45, 1916656, 7954
907, 1, 594, 647, 39, 0, 7.54%, 0, 13, 12, 2900.90, 1928414, 7954
912, 1, 630, 647, 38, 0, 7.54%, 0, 13, 12, 2656.17, 1937759, 7954
918, 1, 609, 647, 38, 0, 7.54%, 0, 13, 12, 1961.38, 1944754, 7954
923, 1, 645, 647, 38, 0, 7.54%, 0, 13, 12, 2414.75, 1957364, 7954
928, 1, 645, 647, 38, 0, 7.54%, 0, 13, 12, 2618.53, 1970660, 7954
933, 1, 609, 647, 38, 0, 7.54%, 0, 14, 12, 168.16, 1978773, 7954
939, 1, 609, 647, 38, 0, 7.54%, 0, 14, 12, 2150.04, 1989805, 7954
944, 1, 639, 648, 38, 0, 7.54%, 0, 14, 12, 376.78, 1999834, 7955
949, 1, 571, 648, 38, 0, 7.54%, 0, 14, 12, 2657.53, 2012381, 7955
954, 1, 617, 648, 38, 0, 7.54%, 0, 14, 12, 2653.24, 2024812, 7955
959, 1, 609, 648, 37, 0, 7.54%, 0, 15, 12, 2776.72, 2033079, 7955
964, 1, 609, 648, 37, 0, 7.54%, 0, 15, 12, 3623.76, 2042621, 7955
969, 1, 641, 649, 38, 0, 7.54%, 0, 15, 12, 2926.71, 2055783, 7955
974, 1, 609, 649, 38, 0, 7.54%, 0, 15, 12, 2562.13, 2065622, 7955
980, 1, 576, 649, 37, 0, 7.54%, 0, 15, 12, 2505.39, 2079207, 7955
985, 1, 609, 650, 38, 0, 7.55%, 0, 15, 12, 2781.85, 2087600, 7971
990, 1, 605, 650, 37, 0, 7.55%, 0, 15, 12, 2353.73, 2098570, 7971
995, 1, 633, 651, 38, 0, 7.55%, 0, 15, 12, 2135.14, 2108044, 7971
1000, 1, 609, 651, 38, 0, 7.55%, 0, 15, 12, 2187.58, 2118578, 7971
1005, 1, 633, 651, 38, 0, 7.55%, 0, 15, 12, 1978.57, 2127066, 7971
1010, 1, 551, 651, 38, 0, 7.55%, 0, 15, 12, 1774.89, 2139325, 7971
1015, 1, 639, 651, 38, 0, 7.55%, 0, 15, 12, 2595.06, 2148927, 7971
1020, 1, 609, 651, 38, 0, 7.55%, 0, 15, 12, 2415.98, 2159774, 7971
1026, 1, 609, 651, 38, 0, 7.55%, 0, 16, 12, 104.69, 2167089, 7971
1031, 1, 609, 651, 38, 0, 7.55%, 0, 16, 12, 2400.39, 2178812, 7971
1036, 1, 594, 651, 38, 0, 7.55%, 0, 16, 12, 2718.78, 2190954, 7971
1041, 1, 609, 652, 39, 0, 7.55%, 0, 16, 12, 1981.16, 2203810, 7971
1046, 1, 609, 652, 39, 0, 7.55%, 0, 16, 12, 2877.80, 2211224, 7971
1052, 1, 609, 652, 39, 0, 7.55%, 0, 16, 12, 2505.97, 2222671, 7971
1057, 1, 609, 653, 40, 0, 7.55%, 0, 16, 12, 11.37, 2223466, 7971
1062, 1, 609, 653, 40, 0, 7.55%, 0, 16, 12, 73.10, 2223774, 7971
1067, 1, 609, 653, 40, 0, 7.55%, 0, 16, 12, 8.15, 2224074, 7971
1072, 1, 609, 653, 40, 0, 7.55%, 0, 16, 12, 1563.66, 2229237, 7971
1077, 1, 645, 653, 40, 0, 7.55%, 0, 16, 12, 2497.95, 2242961, 7971
1082, 1, 647, 653, 40, 0, 7.55%, 0, 16, 12, 2512.62, 2253859, 7971
1088, 1, 609, 653, 39, 0, 7.55%, 0, 16, 12, 2271.81, 2265291, 7971
1093, 1, 609, 653, 39, 0, 7.55%, 0, 16, 12, 2655.10, 2277272, 7971
1098, 1, 609, 653, 39, 0, 7.55%, 0, 16, 12, 2420.59, 2288344, 7971
1104, 1, 609, 654, 40, 0, 7.55%, 0, 16, 12, 1478.07, 2299353, 7971
1109, 1, 609, 654, 40, 0, 7.55%, 0, 16, 12, 2000.43, 2309459, 7971
1114, 1, 609, 654, 40, 0, 7.55%, 0, 16, 12, 2246.21, 2321433, 7971
1119, 1, 609, 654, 40, 0, 7.55%, 0, 16, 12, 2002.33, 2331428, 7971
1124, 1, 609, 655, 41, 0, 7.55%, 0, 16, 12, 2138.09, 2342064, 7971
1130, 1, 586, 655, 41, 1, 7.55%, 0, 16, 12, 2848.48, 2346616, 7971
1135, 1, 639, 655, 40, 0, 7.55%, 0, 16, 12, 2884.09, 2363794, 7971
1140, 1, 601, 655, 40, 0, 7.55%, 0, 16, 12, 2621.26, 2376578, 7971
1145, 1, 609, 655, 40, 0, 7.55%, 0, 16, 12, 2318.57, 2387577, 7971
1150, 1, 609, 655, 40, 0, 7.55%, 0, 16, 12, 1891.93, 2395605, 7971
1156, 1, 609, 655, 40, 0, 7.55%, 0, 16, 12, 2011.09, 2405633, 7971
1161, 1, 641, 655, 40, 0, 7.55%, 0, 16, 12, 1557.52, 2414343, 7971
1166, 1, 609, 655, 40, 0, 7.55%, 0, 16, 12, 2112.80, 2427895, 7971
1171, 1, 577, 655, 40, 0, 7.55%, 0, 16, 12, 414.41, 2436658, 7971
1176, 1, 609, 655, 40, 0, 7.55%, 0, 17, 12, 2757.38, 2445417, 7971
1181, 1, 609, 656, 41, 0, 7.56%, 0, 17, 12, 1731.77, 2451703, 7972
1186, 1, 554, 656, 41, 1, 7.56%, 0, 17, 12, 2220.88, 2462745, 7972
1191, 1, 609, 657, 42, 1, 7.57%, 0, 17, 12, 2981.49, 2477896, 7986
1196, 1, 609, 658, 39, 0, 7.57%, 0, 17, 12, 2925.99, 2496879, 7986
1201, 1, 624, 658, 39, 0, 7.57%, 0, 17, 12, 3577.33, 2510802, 7986
1207, 1, 609, 658, 38, 0, 7.57%, 0, 17, 12, 3435.28, 2528412, 7986
1212, 1, 654, 658, 38, 0, 7.57%, 0, 17, 12, 2997.55, 2542506, 7986
1217, 1, 609, 658, 38, 0, 7.57%, 0, 17, 12, 3870.81, 2557549, 7986
1222, 1, 645, 658, 38, 0, 7.57%, 0, 17, 12, 4207.38, 2571898, 7986
1227, 1, 609, 658, 38, 0, 7.57%, 0, 18, 12, 4595.00, 2585894, 7986
1232, 1, 641, 660, 40, 0, 7.57%, 0, 18, 12, 3504.50, 2602194, 7986
1237, 1, 609, 660, 39, 0, 7.57%, 0, 18, 12, 278.09, 2617013, 7986
1242, 1, 630, 661, 40, 0, 7.57%, 0, 18, 12, 2977.20, 2629559, 7986
1247, 1, 609, 661, 40, 0, 7.57%, 0, 18, 12, 775.00, 2637242, 7986
1253, 1, 609, 662, 41, 0, 7.57%, 0, 18, 12, 3093.66, 2651130, 7986
1258, 1, 571, 662, 40, 0, 7.57%, 0, 18, 12, 1647.08, 2670462, 7986
1263, 1, 609, 662, 40, 0, 7.57%, 0, 18, 12, 4059.77, 2686968, 7986
1268, 1, 641, 662, 39, 0, 7.57%, 0, 18, 12, 3608.73, 2699649, 7986
1273, 1, 662, 663, 40, 1, 7.57%, 0, 18, 12, 3552.37, 2717229, 7987
1278, 1, 609, 663, 38, 0, 7.57%, 0, 18, 12, 3413.43, 2728352, 7987
1284, 1, 649, 664, 38, 0, 7.75%, 0, 18, 12, 3943.32, 2743325, 8181
1289, 1, 609, 664, 38, 0, 7.75%, 0, 18, 12, 3620.65, 2763364, 8181
1294, 1, 609, 664, 38, 0, 7.75%, 0, 18, 12, 3521.79, 2779242, 8181
1299, 1, 601, 664, 38, 0, 7.75%, 0, 18, 12, 47.51, 2794388, 8181
1304, 1, 641, 666, 40, 0, 7.75%, 0, 18, 12, 3561.85, 2811439, 8181
1310, 1, 609, 667, 40, 2, 7.76%, 0, 18, 12, 127.96, 2826448, 8191
1315, 1, 664, 667, 38, 0, 7.76%, 0, 18, 12, 2927.80, 2841503, 8191
1320, 1, 664, 667, 38, 0, 7.76%, 0, 18, 12, 2896.35, 2861221, 8191
1326, 1, 609, 667, 38, 0, 7.76%, 0, 18, 12, 842.68, 2876589, 8191
1331, 1, 609, 667, 38, 0, 7.76%, 0, 18, 12, 3813.69, 2889540, 8191
1336, 1, 609, 667, 38, 0, 7.76%, 0, 18, 12, 3357.88, 2905182, 8191
1341, 1, 641, 667, 38, 0, 7.76%, 0, 18, 12, 3779.44, 2921689, 8191
1347, 1, 609, 667, 38, 0, 7.76%, 0, 18, 12, 610.24, 2938673, 8191
1352, 1, 609, 667, 38, 0, 7.76%, 0, 18, 12, 4116.87, 2955743, 8191
1357, 1, 583, 667, 38, 0, 7.76%, 0, 18, 12, 3456.55, 2971895, 8191
1362, 1, 609, 667, 38, 0, 7.76%, 0, 18, 12, 3260.72, 2986951, 8191
1367, 1, 664, 668, 39, 0, 7.76%, 0, 18, 12, 3364.10, 3003792, 8191
1372, 1, 665, 668, 39, 0, 7.76%, 0, 18, 12, 3989.31, 3017662, 8191
1377, 1, 657, 668, 39, 0, 7.76%, 0, 18, 12, 3790.81, 3031343, 8191
1382, 1, 609, 669, 40, 0, 7.76%, 0, 18, 12, 4554.46, 3048808, 8191
1387, 1, 609, 669, 40, 0, 7.76%, 0, 18, 12, 354.98, 3061954, 8191
1393, 1, 609, 669, 40, 0, 7.76%, 0, 18, 12, 1596.67, 3076920, 8191
1398, 1, 665, 669, 40, 0, 7.76%, 0, 18, 12, 3719.15, 3090837, 8191
1403, 1, 661, 669, 40, 0, 7.76%, 0, 18, 12, 3622.08, 3107322, 8191
1408, 1, 645, 669, 40, 0, 7.76%, 0, 18, 12, 3136.60, 3121778, 8191
1413, 1, 609, 669, 40, 0, 7.76%, 0, 18, 12, 3176.13, 3142047, 8191
1418, 1, 666, 671, 42, 0, 7.77%, 0, 18, 12, 3622.73, 3158046, 8195
1424, 1, 665, 672, 41, 0, 7.77%, 0, 18, 12, 3390.02, 3176041, 8196
1429, 1, 609, 672, 40, 0, 7.77%, 0, 18, 12, 115.52, 3189119, 8196
1434, 1, 609, 672, 40, 0, 7.77%, 0, 18, 12, 10.50, 3189501, 8196
1439, 1, 594, 672, 40, 0, 7.77%, 0, 18, 12, 4013.32, 3198999, 8196
1444, 1, 609, 672, 40, 0, 7.77%, 0, 18, 12, 1791.06, 3213593, 8196
1449, 1, 664, 672, 39, 0, 7.77%, 0, 18, 12, 3463.19, 3227840, 8196
1454, 1, 596, 672, 39, 0, 7.77%, 0, 18, 12, 3072.37, 3242624, 8196
1459, 1, 609, 672, 39, 0, 7.77%, 0, 18, 12, 2996.72, 3256875, 8196
1465, 1, 609, 672, 39, 0, 7.77%, 0, 18, 12, 2604.63, 3269692, 8196
1470, 1, 669, 672, 39, 0, 7.77%, 0, 18, 12, 2741.13, 3283714, 8196
1475, 1, 662, 672, 39, 0, 7.77%, 0, 18, 12, 2969.70, 3303407, 8196
1480, 1, 663, 672, 39, 0, 7.77%, 0, 18, 12, 3588.00, 3322793, 8196
1485, 1, 641, 672, 39, 0, 7.77%, 0, 18, 12, 3856.47, 3341854, 8196
1491, 1, 609, 673, 40, 0, 7.77%, 0, 18, 12, 153.48, 3356870, 8196
1496, 1, 609, 673, 40, 0, 7.77%, 0, 18, 12, 3447.34, 3372933, 8196
1501, 1, 609, 674, 41, 0, 7.77%, 0, 18, 12, 3164.16, 3387396, 8196
1507, 1, 664, 674, 41, 0, 7.77%, 0, 18, 12, 3472.48, 3402609, 8196
1512, 1, 664, 674, 41, 0, 7.77%, 0, 18, 12, 2744.47, 3414661, 8196
1517, 1, 658, 675, 42, 0, 7.77%, 0, 18, 12, 2261.60, 3426625, 8196
1522, 1, 645, 675, 42, 0, 7.77%, 0, 18, 12, 2382.32, 3438038, 8196
1527, 1, 609, 675, 40, 0, 7.77%, 0, 18, 12, 2840.26, 3452885, 8196
1533, 1, 609, 676, 41, 0, 7.77%, 0, 18, 12, 2703.67, 3467079, 8196
1532, 1, 609, 676, 41, 0, 7.77%, 0, 18, 12, 0.00, 3468919, 8196
1537, 1, 609, 676, 41, 0, 7.77%, 0, 18, 12, 3029.55, 3478161, 8196
1542, 1, 648, 676, 41, 0, 7.77%, 0, 18, 12, 1654.11, 3489773, 8196
1548, 1, 609, 676, 40, 0, 7.77%, 0, 18, 12, 2004.28, 3500216, 8196
1553, 1, 609, 676, 40, 0, 7.77%, 0, 18, 12, 1660.42, 3507208, 8196
1558, 1, 609, 676, 40, 0, 7.77%, 0, 18, 12, 1758.59, 3511384, 8196
1563, 1, 571, 676, 40, 0, 7.77%, 0, 18, 12, 1192.73, 3516981, 8196
1568, 1, 669, 676, 40, 0, 7.77%, 0, 18, 12, 1872.48, 3527093, 8196
1573, 1, 665, 676, 40, 0, 7.77%, 0, 18, 12, 2653.62, 3540738, 8196
1578, 1, 671, 676, 40, 0, 7.77%, 0, 18, 12, 647.19, 3551336, 8196
1583, 1, 609, 676, 39, 0, 7.77%, 0, 18, 12, 1801.39, 3562297, 8196
1589, 1, 609, 677, 40, 0, 7.77%, 0, 18, 12, 2971.48, 3571306, 8196
1594, 1, 609, 677, 40, 0, 7.77%, 0, 18, 12, 1135.16, 3576378, 8196
1599, 1, 577, 677, 40, 0, 7.77%, 0, 18, 12, 1885.74, 3591036, 8196
1604, 1, 576, 677, 40, 0, 7.77%, 0, 18, 12, 2521.43, 3604228, 8196
1609, 1, 609, 677, 40, 0, 7.77%, 0, 18, 12, 2413.11, 3613451, 8196
1614, 1, 609, 678, 41, 0, 7.77%, 0, 18, 12, 35.50, 3618500, 8196
1619, 1, 609, 678, 41, 0, 7.77%, 0, 18, 12, 3536.54, 3630137, 8196
1625, 1, 609, 678, 41, 0, 7.77%, 0, 18, 12, 2688.55, 3641557, 8196
1630, 1, 671, 679, 41, 0, 7.77%, 0, 18, 13, 3043.82, 3658605, 8196
1635, 1, 571, 679, 41, 0, 7.77%, 0, 18, 13, 2930.32, 3669656, 8196
1640, 1, 609, 679, 41, 0, 7.77%, 0, 18, 13, 3270.00, 3681362, 8196
1645, 1, 609, 679, 41, 0, 7.77%, 0, 18, 13, 3066.18, 3691728, 8196
1651, 1, 601, 679, 41, 0, 7.77%, 0, 18, 13, 1784.52, 3703190, 8196
1656, 1, 661, 679, 41, 0, 7.77%, 0, 18, 13, 2346.82, 3715738, 8196
1656, 1, 609, 679, 41, 0, 7.77%, 0, 18, 13, 0.00, 3719262, 8196
1661, 1, 609, 679, 41, 0, 7.77%, 0, 18, 13, 2105.00, 3729228, 8196
1666, 1, 609, 679, 41, 0, 7.77%, 0, 18, 13, 62.30, 3743762, 8196
1671, 1, 664, 679, 41, 0, 7.77%, 0, 18, 13, 2583.90, 3756040, 8196
1676, 1, 609, 679, 41, 0, 7.77%, 0, 18, 13, 316.46, 3765849, 8196
1681, 1, 663, 680, 42, 0, 7.77%, 0, 18, 13, 2491.85, 3777233, 8196
1686, 1, 609, 680, 42, 0, 7.77%, 0, 18, 13, 1471.06, 3786888, 8196
1686, 1, 609, 680, 42, 0, 7.77%, 0, 18, 13, 0.00, 3788898, 8196
1692, 1, 609, 680, 42, 0, 7.77%, 0, 18, 13, 2747.35, 3800972, 8196
1697, 1, 663, 680, 42, 0, 7.77%, 0, 18, 13, 2331.68, 3811729, 8196
1702, 1, 671, 680, 42, 0, 7.77%, 0, 18, 13, 2337.41, 3822468, 8196
1707, 1, 609, 680, 42, 0, 7.77%, 0, 18, 13, 2425.00, 3833489, 8196
1712, 1, 609, 681, 43, 0, 7.77%, 0, 18, 13, 2358.48, 3844045, 8197
1717, 1, 680, 681, 43, 1, 7.77%, 0, 18, 13, 3544.15, 3856278, 8197
1717, 1, 645, 681, 42, 0, 7.77%, 0, 18, 13, 0.00, 3860926, 8197
1722, 1, 571, 682, 42, 0, 7.77%, 0, 18, 13, 3970.45, 3874220, 8200
1727, 1, 609, 682, 42, 0, 7.77%, 0, 18, 13, 3725.96, 3886172, 8200
1732, 1, 609, 682, 41, 0, 7.77%, 0, 18, 13, 3385.73, 3898538, 8200
1738, 1, 609, 682, 41, 0, 7.77%, 0, 18, 13, 142.53, 3913142, 8200
1743, 1, 630, 682, 41, 0, 7.77%, 0, 18, 13, 2642.71, 3924471, 8200
1748, 1, 609, 682, 41, 0, 7.77%, 0, 18, 13, 209.52, 3936226, 8200
1747, 1, 609, 683, 42, 0, 7.77%, 0, 18, 13, 0.00, 3938767, 8201
1753, 1, 609, 683, 41, 0, 7.77%, 0, 18, 13, 621.40, 3949252, 8201
1758, 1, 609, 684, 42, 0, 7.77%, 0, 18, 13, 3633.51, 3956381, 8201
1763, 1, 670, 685, 43, 0, 7.78%, 0, 18, 13, 3311.05, 3968145, 8209
1768, 1, 571, 685, 42, 0, 7.78%, 0, 18, 13, 3358.71, 3979497, 8209
1773, 1, 609, 685, 42, 0, 7.78%, 0, 18, 13, 3050.42, 3989444, 8209
1778, 1, 609, 685, 42, 0, 7.78%, 0, 18, 13, 2841.27, 4002925, 8209
1778, 1, 609, 685, 42, 0, 7.78%, 0, 18, 13, 0.00, 4006449, 8209
1783, 1, 609, 685, 42, 0, 7.78%, 0, 18, 13, 2973.63, 4021351, 8209
1788, 1, 681, 685, 42, 0, 7.78%, 0, 18, 13, 2910.37, 4035388, 8209
1793, 1, 645, 685, 41, 0, 7.78%, 0, 18, 13, 4139.05, 4048169, 8209
1798, 1, 609, 685, 41, 0, 7.78%, 0, 18, 13, 2623.37, 4060730, 8209
1803, 1, 682, 686, 42, 0, 7.78%, 0, 18, 13, 3435.83, 4074427, 8209
1808, 1, 681, 686, 41, 0, 7.78%, 0, 18, 13, 3007.13, 4084121, 8209
1813, 1, 669, 686, 41, 0, 7.78%, 0, 18, 13, 1251.15, 4097643, 8209
1819, 1, 576, 686, 41, 0, 7.78%, 0, 18, 13, 2489.77, 4112640, 8209
1824, 1, 609, 686, 41, 0, 7.78%, 0, 18, 13, 2923.65, 4127712, 8209
1829, 1, 609, 686, 41, 0, 7.78%, 0, 18, 13, 2688.93, 4140724, 8209
1834, 1, 661, 686, 41, 0, 7.78%, 0, 18, 13, 2753.11, 4154723, 8209
1839, 1, 681, 686, 41, 0, 7.78%, 0, 18, 13, 173.23, 4169775, 8209
1839, 1, 671, 686, 41, 0, 7.78%, 0, 18, 13, 0.00, 4175124, 8209
1844, 1, 641, 686, 41, 0, 7.78%, 0, 18, 13, 2598.77, 4189780, 8209
1849, 1, 639, 686, 41, 0, 7.78%, 0, 18, 13, 3803.28, 4202628, 8209
1855, 1, 609, 686, 41, 0, 7.78%, 0, 18, 13, 431.43, 4215839, 8209
1860, 1, 571, 686, 41, 0, 7.78%, 0, 18, 13, 2570.72, 4227681, 8209
1865, 1, 665, 686, 41, 0, 7.78%, 0, 18, 13, 2965.20, 4243282, 8209
1870, 1, 609, 686, 41, 0, 7.78%, 0, 18, 13, 3185.30, 4254536, 8209
1870, 1, 609, 686, 41, 0, 7.78%, 0, 18, 13, 0.00, 4258103, 8209
1875, 1, 681, 686, 41, 0, 7.78%, 0, 18, 13, 3445.83, 4272676, 8209
1880, 1, 594, 686, 41, 0, 7.78%, 0, 18, 13, 2747.66, 4286969, 8209
1885, 1, 684, 687, 42, 0, 7.78%, 0, 18, 14, 3125.57, 4298960, 8210
1890, 1, 662, 687, 41, 0, 7.78%, 0, 18, 14, 2704.87, 4309166, 8210
1896, 1, 609, 688, 42, 0, 7.78%, 0, 18, 14, 2111.82, 4320423, 8210
1901, 1, 609, 689, 41, 0, 7.78%, 0, 18, 14, 380.95, 4333021, 8210
1900, 1, 636, 689, 41, 0, 7.78%, 0, 18, 14, 0.00, 4335388, 8210
1905, 1, 666, 689, 41, 0, 7.78%, 0, 18, 14, 2938.23, 4350463, 8210
1911, 1, 682, 689, 41, 0, 7.78%, 0, 18, 14, 2797.45, 4363898, 8210
1916, 1, 609, 689, 41, 0, 7.78%, 0, 18, 14, 2795.13, 4377071, 8210
1917, 1, 617, 689, 41, 0, 7.78%, 0, 18, 14, 2841.82, 4380078, 8210
