# relative_time, cycles_done, cur_item, corpus_count, pending_total, pending_favs, map_size, saved_crashes, saved_hangs, max_depth, execs_per_sec, total_execs, edges_found, total_crashes, servers_count
62, 2, 555, 576, 0, 0, 5.86%, 0, 4, 6, 3110.45, 164142, 6185, 0, 0
67, 2, 544, 576, 0, 0, 5.86%, 0, 4, 6, 2611.61, 177175, 6185, 0, 0
72, 2, 554, 577, 0, 0, 5.87%, 0, 4, 6, 2905.13, 192552, 6189, 0, 0
78, 3, 0, 579, 0, 0, 5.89%, 0, 4, 6, 2930.80, 206337, 6212, 0, 0
83, 3, 543, 584, 1, 0, 5.89%, 0, 4, 6, 2808.64, 220622, 6215, 0, 0
88, 3, 586, 588, 5, 1, 6.24%, 0, 4, 6, 77.68, 222672, 6580, 0, 0
93, 3, 586, 590, 7, 1, 6.24%, 0, 4, 6, 38.81, 222859, 6580, 0, 0
98, 3, 565, 590, 3, 0, 6.24%, 0, 4, 6, 3149.38, 226218, 6580, 0, 0
103, 3, 579, 590, 0, 0, 6.24%, 0, 5, 6, 3131.35, 237202, 6580, 0, 0
108, 3, 581, 590, 0, 0, 6.24%, 0, 5, 6, 3182.12, 251008, 6580, 0, 0
113, 3, 548, 591, 0, 0, 6.24%, 0, 5, 6, 2676.99, 263283, 6581, 0, 0
118, 4, 554, 591, 0, 0, 6.24%, 0, 5, 6, 2779.53, 277357, 6581, 0, 0
124, 4, 590, 591, 0, 0, 6.24%, 0, 5, 6, 2739.32, 291205, 6581, 0, 0
129, 4, 555, 592, 0, 0, 6.24%, 0, 6, 6, 405.89, 301223, 6582, 0, 0
134, 4, 567, 593, 0, 0, 6.24%, 0, 6, 6, 2854.10, 314220, 6582, 0, 0
139, 4, 550, 594, 0, 0, 6.24%, 0, 6, 7, 3215.68, 331142, 6588, 0, 0
144, 4, 564, 594, 0, 0, 6.24%, 0, 6, 7, 3218.58, 347127, 6588, 0, 0
150, 4, 554, 594, 0, 0, 6.24%, 0, 6, 7, 2983.24, 362574, 6588, 0, 0
155, 5, 568, 596, 0, 0, 6.24%, 0, 7, 7, 1763.95, 372255, 6589, 0, 0
160, 5, 541, 598, 0, 0, 6.25%, 0, 7, 7, 2663.13, 386287, 6590, 0, 0
165, 5, 548, 598, 0, 0, 6.25%, 0, 7, 7, 2442.14, 398249, 6590, 0, 0
170, 5, 548, 600, 0, 0, 6.25%, 0, 7, 7, 2195.53, 409240, 6596, 0, 0
175, 5, 573, 601, 1, 0, 6.25%, 0, 7, 7, 2053.87, 419162, 6596, 0, 0
180, 5, 543, 601, 1, 0, 6.25%, 0, 7, 7, 2000.38, 430232, 6596, 0, 0
185, 5, 554, 601, 0, 0, 6.25%, 0, 7, 7, 3310.03, 441419, 6596, 0, 0
190, 5, 593, 601, 0, 0, 6.25%, 0, 7, 7, 3227.43, 453071, 6596, 0, 0
195, 6, 593, 601, 0, 0, 6.25%, 0, 7, 7, 2764.32, 465989, 6596, 0, 0
201, 6, 592, 601, 0, 0, 6.25%, 0, 7, 7, 2668.12, 480281, 6596, 0, 0
206, 6, 543, 606, 3, 0, 6.26%, 0, 7, 7, 2899.02, 494333, 6610, 0, 0
211, 6, 592, 606, 2, 0, 6.26%, 0, 7, 7, 2954.00, 509278, 6610, 0, 0
216, 6, 593, 609, 1, 0, 6.27%, 0, 7, 7, 2478.35, 521439, 6611, 0, 0
221, 6, 608, 609, 1, 0, 6.27%, 0, 7, 7, 2488.67, 533643, 6611, 0, 0
226, 6, 13, 609, 0, 0, 6.27%, 0, 7, 7, 2808.09, 546262, 6611, 0, 0
231, 6, 610, 611, 0, 0, 6.27%, 0, 7, 7, 3097.72, 560129, 6611, 0, 0
237, 6, 612, 614, 1, 0, 6.27%, 0, 9, 7, 244.99, 569329, 6616, 0, 0
242, 6, 599, 614, 0, 0, 6.27%, 0, 10, 7, 3306.00, 579306, 6616, 0, 0
248, 7, 606, 615, 0, 0, 6.27%, 0, 10, 7, 2526.64, 591833, 6616, 0, 0
253, 7, 610, 615, 0, 0, 6.27%, 0, 10, 7, 2302.89, 603315, 6616, 0, 0
258, 7, 548, 618, 0, 0, 7.26%, 0, 10, 7, 2169.58, 613413, 7661, 0, 0
263, 7, 592, 618, 0, 0, 7.26%, 0, 10, 7, 2262.25, 624285, 7661, 0, 0
268, 7, 592, 618, 0, 0, 7.26%, 0, 10, 7, 2025.01, 634657, 7661, 0, 0
273, 7, 567, 618, 0, 0, 7.26%, 0, 11, 7, 2601.01, 643379, 7661, 0, 0
278, 7, 545, 618, 0, 0, 7.26%, 0, 11, 7, 2188.79, 652674, 7661, 0, 0
283, 7, 561, 618, 0, 0, 7.26%, 0, 11, 7, 3083.88, 665381, 7661, 0, 0
288, 7, 567, 618, 0, 0, 7.26%, 0, 11, 7, 2763.48, 673347, 7661, 0, 0
294, 7, 561, 618, 0, 0, 7.26%, 0, 11, 7, 492.68, 685328, 7661, 0, 0
299, 7, 568, 619, 1, 0, 7.26%, 0, 11, 7, 2925.38, 697832, 7661, 0, 0
298, 7, 599, 619, 1, 0, 7.26%, 0, 11, 7, 0.00, 698322, 7661, 0, 0
303, 7, 604, 619, 0, 0, 7.26%, 0, 11, 7, 3820.56, 710153, 7661, 0, 0
308, 8, 610, 619, 0, 0, 7.26%, 0, 11, 7, 2541.62, 721340, 7661, 0, 0
313, 8, 567, 619, 0, 0, 7.26%, 0, 11, 7, 2828.49, 735845, 7661, 0, 0
318, 8, 617, 619, 0, 0, 7.26%, 0, 12, 7, 3770.59, 743724, 7661, 0, 0
324, 8, 615, 620, 1, 0, 7.26%, 0, 12, 7, 2668.83, 756351, 7661, 0, 0
329, 8, 604, 620, 0, 0, 7.26%, 0, 12, 7, 2877.16, 770373, 7661, 0, 0
334, 8, 620, 621, 1, 0, 7.26%, 0, 12, 7, 2683.11, 783377, 7661, 0, 0
339, 8, 592, 622, 0, 0, 7.26%, 0, 12, 7, 2235.69, 794916, 7662, 0, 0
344, 8, 543, 622, 0, 0, 7.26%, 0, 12, 7, 2113.50, 804243, 7662, 0, 0
349, 8, 37, 622, 0, 0, 7.26%, 0, 12, 7, 3301.60, 817832, 7662, 0, 0
354, 9, 572, 622, 0, 0, 7.26%, 0, 12, 7, 2781.97, 831779, 7662, 0, 0
360, 9, 614, 622, 0, 0, 7.26%, 0, 12, 7, 2352.53, 843212, 7662, 0, 0
365, 9, 560, 622, 0, 0, 7.26%, 0, 12, 7, 2060.82, 853159, 7662, 0, 0
370, 9, 621, 623, 0, 0, 7.26%, 0, 12, 7, 2275.15, 864510, 7665, 0, 0
375, 9, 564, 623, 0, 0, 7.26%, 0, 12, 7, 2766.14, 878418, 7665, 0, 0
380, 9, 605, 623, 0, 0, 7.26%, 0, 12, 7, 2563.37, 890260, 7665, 0, 0
385, 9, 555, 623, 0, 0, 7.26%, 0, 12, 7, 2726.59, 904404, 7665, 0, 0
391, 9, 576, 623, 0, 0, 7.26%, 0, 12, 7, 3523.10, 916161, 7665, 0, 0
396, 9, 593, 624, 0, 0, 7.27%, 0, 12, 7, 1850.20, 932116, 7671, 0, 0
401, 9, 593, 624, 0, 0, 7.27%, 0, 12, 7, 2045.64, 944042, 7671, 0, 0
406, 9, 623, 626, 2, 0, 7.27%, 0, 12, 7, 1910.81, 954113, 7671, 0, 0
411, 10, 602, 626, 1, 0, 7.27%, 0, 12, 7, 1938.04, 964277, 7671, 0, 0
416, 10, 550, 626, 0, 0, 7.27%, 0, 12, 7, 2076.97, 974508, 7671, 0, 0
421, 10, 623, 626, 0, 0, 7.27%, 0, 12, 7, 2420.63, 987410, 7671, 0, 0
426, 10, 593, 626, 0, 0, 7.27%, 0, 12, 7, 2315.57, 1000040, 7671, 0, 0
431, 10, 608, 627, 0, 0, 7.28%, 0, 12, 7, 2579.17, 1012243, 7684, 0, 0
436, 10, 624, 628, 1, 0, 7.28%, 0, 12, 7, 82.41, 1016710, 7684, 0, 0
442, 10, 616, 628, 1, 0, 7.28%, 0, 12, 7, 12.85, 1017002, 7684, 0, 0
447, 10, 555, 628, 1, 0, 7.28%, 0, 12, 7, 75.69, 1017282, 7684, 0, 0
452, 10, 592, 628, 0, 0, 7.28%, 0, 12, 7, 3417.01, 1028198, 7684, 0, 0
457, 10, 603, 629, 0, 0, 7.29%, 0, 12, 7, 3355.68, 1045457, 7694, 0, 0
462, 10, 629, 630, 1, 0, 7.29%, 0, 12, 7, 2846.24, 1059201, 7694, 0, 0
467, 10, 567, 631, 1, 0, 7.29%, 0, 12, 8, 2105.73, 1070344, 7694, 0, 0
472, 10, 576, 631, 1, 0, 7.29%, 0, 12, 8, 2075.61, 1080678, 7694, 0, 0
478, 11, 554, 632, 2, 0, 7.29%, 0, 12, 8, 75.55, 1082614, 7694, 0, 0
483, 11, 592, 632, 2, 0, 7.29%, 0, 12, 8, 76.41, 1083009, 7694, 0, 0
488, 11, 592, 632, 2, 0, 7.29%, 0, 12, 8, 73.91, 1083262, 7694, 0, 0
493, 11, 604, 632, 1, 0, 7.29%, 0, 12, 8, 1415.23, 1089436, 7694, 0, 0
498, 11, 567, 632, 0, 0, 7.29%, 0, 12, 8, 2251.38, 1102755, 7694, 0, 0
503, 11, 626, 634, 2, 0, 7.30%, 0, 12, 8, 2381.26, 1116326, 7700, 0, 0
508, 11, 633, 634, 0, 0, 7.30%, 0, 12, 8, 2534.78, 1129475, 7700, 0, 0
513, 11, 593, 634, 0, 0, 7.30%, 0, 12, 8, 205.14, 1136675, 7700, 0, 0
519, 11, 543, 634, 0, 0, 7.30%, 0, 12, 8, 14.19, 1136949, 7700, 0, 0
517, 11, 543, 634, 0, 0, 7.30%, 0, 12, 8, 0.00, 1136953, 7700, 0, 0
523, 11, 592, 634, 0, 0, 7.30%, 0, 12, 8, 87.66, 1137372, 7700, 0, 0
528, 11, 606, 634, 0, 0, 7.30%, 0, 12, 8, 2887.05, 1150240, 7700, 0, 0
533, 11, 617, 635, 1, 0, 7.30%, 0, 12, 8, 79.95, 1154714, 7700, 0, 0
538, 11, 615, 635, 1, 0, 7.30%, 0, 12, 8, 68.71, 1155077, 7700, 0, 0
543, 11, 592, 635, 1, 0, 7.30%, 0, 12, 8, 83.36, 1155334, 7700, 0, 0
548, 11, 606, 635, 1, 0, 7.30%, 0, 12, 8, 2666.74, 1163999, 7700, 0, 0
553, 11, 595, 635, 0, 0, 7.30%, 0, 12, 8, 2747.84, 1182026, 7700, 0, 0
558, 11, 632, 635, 0, 0, 7.30%, 0, 12, 8, 2884.21, 1196756, 7700, 0, 0
563, 11, 548, 635, 0, 0, 7.30%, 0, 12, 8, 2463.62, 1207537, 7700, 0, 0
569, 11, 632, 635, 0, 0, 7.30%, 0, 12, 8, 2189.99, 1218398, 7700, 0, 0
574, 11, 550, 635, 0, 0, 7.30%, 0, 12, 8, 1763.66, 1225952, 7700, 0, 0
579, 12, 617, 635, 0, 0, 7.30%, 0, 12, 8, 2189.30, 1237454, 7700, 0, 0
584, 12, 592, 635, 0, 0, 7.30%, 0, 12, 8, 2733.18, 1253993, 7700, 0, 0
589, 12, 632, 635, 0, 0, 7.30%, 0, 12, 8, 1892.97, 1262239, 7700, 0, 0
594, 12, 615, 636, 0, 0, 7.73%, 0, 12, 8, 1916.65, 1272800, 8160, 0, 0
599, 12, 567, 636, 0, 0, 7.73%, 0, 12, 8, 1474.40, 1279467, 8160, 0, 0
604, 12, 635, 636, 0, 0, 7.73%, 0, 12, 8, 3146.63, 1296281, 8160, 0, 0
609, 12, 615, 636, 0, 0, 7.73%, 0, 12, 8, 3709.98, 1315921, 8160, 0, 0
615, 12, 602, 636, 0, 0, 7.73%, 0, 12, 8, 2788.88, 1333469, 8160, 0, 0
620, 12, 602, 636, 0, 0, 7.73%, 0, 12, 8, 2795.05, 1346391, 8160, 0, 0
625, 12, 635, 637, 1, 0, 7.73%, 0, 12, 8, 3337.82, 1365324, 8160, 0, 0
630, 12, 595, 637, 0, 0, 7.73%, 0, 12, 8, 3548.13, 1383870, 8160, 0, 0
635, 13, 626, 638, 0, 0, 7.73%, 0, 12, 8, 3004.21, 1398334, 8161, 0, 0
640, 13, 550, 639, 0, 0, 7.73%, 0, 12, 8, 3464.50, 1416549, 8161, 0, 0
645, 13, 545, 639, 0, 0, 7.73%, 0, 12, 8, 85.08, 1428493, 8161, 0, 0
651, 13, 632, 639, 0, 0, 7.73%, 0, 12, 8, 88.39, 1428774, 8161, 0, 0
656, 13, 576, 639, 0, 0, 7.73%, 0, 12, 8, 13.93, 1429292, 8161, 0, 0
661, 13, 602, 639, 0, 0, 7.73%, 0, 12, 8, 3178.33, 1435178, 8161, 0, 0
666, 13, 615, 639, 0, 0, 7.73%, 0, 13, 8, 4160.79, 1449421, 8161, 0, 0
671, 13, 599, 639, 0, 0, 7.73%, 0, 13, 8, 3688.10, 1467051, 8161, 0, 0
676, 13, 616, 640, 0, 0, 7.73%, 0, 13, 8, 3100.78, 1489721, 8161, 0, 0
681, 13, 628, 640, 0, 0, 7.73%, 0, 13, 8, 57.82, 1493570, 8161, 0, 0
686, 13, 604, 640, 0, 0, 7.73%, 0, 13, 8, 95.33, 1494112, 8161, 0, 0
691, 13, 610, 640, 0, 0, 7.73%, 0, 13, 8, 106.49, 1494337, 8161, 0, 0
697, 13, 637, 640, 0, 0, 7.73%, 0, 13, 8, 2936.29, 1511192, 8161, 0, 0
702, 14, 615, 640, 0, 0, 7.73%, 0, 13, 8, 2953.74, 1525895, 8161, 0, 0
707, 14, 555, 641, 1, 0, 7.73%, 0, 13, 8, 2266.15, 1541825, 8161, 0, 0
712, 14, 639, 642, 0, 0, 7.73%, 0, 13, 8, 2556.12, 1555947, 8161, 0, 0
717, 14, 602, 643, 1, 0, 7.73%, 0, 14, 8, 3263.56, 1564405, 8161, 0, 0
722, 14, 543, 643, 0, 0, 7.73%, 0, 14, 8, 2982.17, 1580399, 8161, 0, 0
727, 14, 554, 643, 0, 0, 7.73%, 0, 14, 8, 3598.01, 1599463, 8161, 0, 0
733, 14, 550, 645, 1, 0, 7.73%, 0, 14, 8, 3696.76, 1618402, 8161, 0, 0
738, 14, 616, 645, 0, 0, 7.73%, 0, 14, 8, 3178.92, 1640408, 8161, 0, 0
743, 14, 639, 645, 0, 0, 7.73%, 0, 14, 8, 3422.21, 1657436, 8161, 0, 0
748, 15, 639, 645, 0, 0, 7.73%, 0, 14, 8, 3670.99, 1673106, 8161, 0, 0
753, 15, 622, 645, 0, 0, 7.73%, 0, 14, 8, 2947.99, 1688387, 8161, 0, 0
758, 15, 545, 645, 0, 0, 7.73%, 0, 14, 8, 3605.63, 1707517, 8161, 0, 0
763, 15, 632, 645, 0, 0, 7.73%, 0, 14, 8, 3669.74, 1726457, 8161, 0, 0
769, 15, 576, 646, 0, 0, 7.79%, 0, 14, 8, 2791.29, 1745660, 8225, 0, 0
774, 15, 639, 646, 0, 0, 7.79%, 0, 14, 8, 3933.04, 1759431, 8225, 0, 0
779, 15, 626, 647, 0, 0, 7.80%, 0, 14, 8, 3276.16, 1774450, 8226, 0, 0
784, 15, 599, 648, 1, 0, 7.80%, 0, 14, 8, 2391.11, 1786286, 8226, 0, 0
789, 15, 648, 649, 1, 1, 7.80%, 0, 14, 8, 1832.39, 1796956, 8231, 0, 0
794, 16, 626, 650, 0, 0, 7.80%, 0, 14, 8, 2847.30, 1812429, 8231, 0, 0
799, 16, 608, 650, 0, 0, 7.80%, 0, 14, 8, 3523.71, 1832431, 8231, 0, 0
804, 16, 616, 650, 0, 0, 7.80%, 0, 14, 8, 3223.86, 1849140, 8231, 0, 0
810, 16, 602, 650, 0, 0, 7.80%, 0, 14, 8, 3893.11, 1870086, 8231, 0, 0
815, 16, 633, 650, 0, 0, 7.80%, 0, 14, 8, 3169.17, 1885495, 8231, 0, 0
820, 16, 649, 650, 0, 0, 7.80%, 0, 14, 8, 3484.72, 1905482, 8231, 0, 0
825, 16, 550, 650, 0, 0, 7.80%, 0, 14, 8, 3570.86, 1924488, 8231, 0, 0
830, 16, 615, 650, 0, 0, 7.80%, 0, 14, 8, 2768.95, 1944211, 8231, 0, 0
835, 17, 633, 650, 0, 0, 7.80%, 0, 14, 8, 3344.23, 1960088, 8231, 0, 0
841, 17, 626, 650, 0, 0, 7.80%, 0, 14, 8, 3575.50, 1979498, 8231, 0, 0
846, 17, 649, 650, 0, 0, 7.80%, 0, 14, 8, 3476.68, 1996530, 8231, 0, 0
851, 17, 649, 650, 0, 0, 7.80%, 0, 14, 8, 3339.60, 2013496, 8231, 0, 0
856, 17, 616, 650, 0, 0, 7.80%, 0, 14, 8, 3547.89, 2031500, 8231, 0, 0
861, 17, 555, 650, 0, 0, 7.80%, 0, 14, 8, 2928.06, 2046488, 8231, 0, 0
867, 17, 599, 650, 0, 0, 7.80%, 0, 14, 8, 2842.12, 2060955, 8231, 0, 0
872, 17, 626, 650, 0, 0, 7.80%, 0, 14, 8, 3156.01, 2076881, 8231, 0, 0
877, 17, 626, 652, 0, 0, 7.80%, 0, 14, 8, 3576.55, 2094855, 8232, 0, 0
882, 18, 617, 652, 0, 0, 7.80%, 0, 14, 8, 4299.21, 2110438, 8232, 0, 0
887, 18, 649, 652, 0, 0, 7.80%, 0, 14, 8, 2133.13, 2125980, 8232, 0, 0
892, 18, 612, 652, 0, 0, 7.80%, 0, 14, 8, 4587.30, 2152658, 8232, 0, 0
897, 18, 648, 653, 1, 0, 7.80%, 0, 14, 8, 801.53, 2175068, 8233, 0, 0
902, 18, 651, 653, 0, 0, 7.80%, 0, 14, 8, 4917.50, 2192077, 8233, 0, 0
908, 18, 652, 653, 0, 0, 7.80%, 0, 14, 8, 2475.48, 2207574, 8233, 0, 0
913, 18, 37, 653, 0, 0, 7.80%, 0, 14, 8, 4012.19, 2230559, 8233, 0, 0
918, 18, 651, 654, 1, 0, 7.80%, 0, 14, 9, 4628.68, 2254319, 8233, 0, 0
923, 18, 622, 658, 1, 0, 7.95%, 0, 14, 9, 3690.47, 2278723, 8385, 0, 0
928, 18, 604, 658, 0, 0, 7.95%, 0, 14, 9, 3301.50, 2294562, 8385, 0, 0
933, 18, 654, 658, 0, 0, 7.95%, 0, 14, 9, 3063.92, 2309595, 8385, 0, 0
938, 18, 633, 658, 0, 0, 7.95%, 0, 14, 9, 3331.84, 2326594, 8385, 0, 0
943, 19, 652, 658, 0, 0, 7.95%, 0, 14, 9, 3604.85, 2345688, 8385, 0, 0
949, 19, 576, 658, 0, 0, 7.95%, 0, 14, 9, 3615.76, 2364608, 8385, 0, 0
954, 19, 651, 659, 1, 0, 7.95%, 0, 14, 9, 2276.35, 2381590, 8385, 0, 0
959, 19, 616, 659, 0, 0, 7.95%, 0, 14, 9, 2606.94, 2393510, 8385, 0, 0
964, 19, 545, 659, 0, 0, 7.95%, 0, 14, 9, 3436.08, 2402837, 8385, 0, 0
969, 19, 657, 659, 0, 0, 7.95%, 0, 14, 9, 2696.23, 2410019, 8385, 0, 0
974, 19, 606, 659, 0, 0, 7.95%, 0, 14, 9, 1685.18, 2415687, 8385, 0, 0
980, 19, 599, 659, 0, 0, 7.95%, 0, 14, 9, 222.58, 2423584, 8385, 0, 0
985, 19, 614, 659, 0, 0, 7.95%, 0, 14, 9, 1258.96, 2431587, 8385, 0, 0
990, 19, 656, 659, 0, 0, 7.95%, 0, 14, 9, 2480.07, 2444744, 8385, 0, 0
995, 19, 657, 659, 0, 0, 7.95%, 0, 14, 9, 628.98, 2451368, 8385, 0, 0
1000, 19, 635, 659, 0, 0, 7.95%, 0, 14, 9, 2637.92, 2463793, 8385, 0, 0
1005, 19, 657, 659, 0, 0, 7.95%, 0, 14, 9, 2126.44, 2475311, 8385, 0, 0
1010, 19, 655, 659, 0, 0, 7.95%, 0, 14, 9, 2015.06, 2483599, 8385, 0, 0
1015, 19, 655, 659, 0, 0, 7.95%, 0, 14, 9, 3092.03, 2503781, 8385, 0, 0
1020, 20, 615, 659, 0, 0, 7.95%, 0, 14, 9, 522.27, 2516971, 8385, 0, 0
1025, 20, 632, 659, 0, 0, 7.95%, 0, 14, 9, 54.44, 2521634, 8385, 0, 0
1030, 20, 635, 659, 0, 0, 7.95%, 0, 14, 9, 84.33, 2522092, 8385, 0, 0
1036, 20, 37, 659, 0, 0, 7.95%, 0, 14, 9, 12.18, 2522352, 8385, 0, 0
1041, 20, 576, 659, 0, 0, 7.95%, 0, 14, 9, 2955.71, 2524677, 8385, 0, 0
1046, 20, 659, 666, 6, 1, 7.97%, 0, 14, 9, 3659.15, 2545513, 8408, 0, 0
1051, 20, 567, 666, 3, 0, 7.97%, 0, 14, 9, 3406.43, 2563169, 8408, 0, 0
1056, 20, 622, 666, 1, 0, 7.97%, 0, 14, 9, 3408.55, 2579650, 8408, 0, 0
1061, 20, 659, 666, 0, 0, 7.97%, 0, 14, 9, 3416.69, 2597113, 8408, 0, 0
1066, 20, 635, 667, 0, 0, 7.97%, 0, 14, 9, 4077.09, 2612605, 8408, 0, 0
1071, 20, 602, 667, 0, 0, 7.97%, 0, 14, 9, 3135.79, 2629336, 8408, 0, 0
1076, 20, 550, 667, 0, 0, 7.97%, 0, 14, 9, 3442.78, 2648622, 8408, 0, 0
1081, 20, 626, 668, 0, 0, 7.97%, 0, 14, 9, 3428.72, 2666610, 8414, 0, 0
1087, 20, 652, 668, 0, 0, 7.97%, 0, 14, 9, 503.97, 2681733, 8414, 0, 0
1092, 20, 651, 669, 0, 0, 7.98%, 0, 14, 9, 3573.15, 2694667, 8420, 0, 0
1097, 21, 612, 670, 1, 0, 7.98%, 0, 14, 9, 3398.08, 2711604, 8420, 0, 0
1102, 21, 657, 670, 0, 0, 7.98%, 0, 14, 9, 2930.53, 2726625, 8420, 0, 0
1107, 21, 622, 670, 0, 0, 7.98%, 0, 14, 9, 2900.25, 2744891, 8420, 0, 0
1112, 21, 576, 670, 0, 0, 7.98%, 0, 14, 9, 2748.20, 2758461, 8420, 0, 0
1117, 21, 592, 670, 0, 0, 7.98%, 0, 14, 9, 564.25, 2769808, 8420, 0, 0
1122, 21, 666, 670, 0, 0, 7.98%, 0, 14, 9, 3083.19, 2784585, 8420, 0, 0
1127, 21, 650, 670, 0, 0, 7.98%, 0, 14, 9, 3673.93, 2794679, 8420, 0, 0
1132, 21, 593, 670, 0, 0, 7.98%, 0, 14, 9, 3644.60, 2812532, 8420, 0, 0
1138, 21, 37, 672, 1, 0, 7.98%, 0, 14, 9, 3704.47, 2833195, 8420, 0, 0
1143, 21, 604, 672, 1, 0, 7.98%, 0, 14, 9, 2415.55, 2843952, 8420, 0, 0
1148, 21, 604, 673, 1, 0, 7.99%, 0, 14, 9, 2950.13, 2859906, 8431, 0, 0
1153, 21, 635, 674, 1, 0, 7.99%, 0, 14, 9, 3719.06, 2874650, 8432, 0, 0
1158, 21, 616, 674, 1, 0, 7.99%, 0, 14, 9, 3861.78, 2894588, 8432, 0, 0
1163, 22, 672, 674, 1, 0, 7.99%, 0, 14, 9, 3338.09, 2911433, 8432, 0, 0
1168, 22, 659, 674, 1, 0, 7.99%, 0, 14, 9, 1206.49, 2930652, 8432, 0, 0
1173, 22, 651, 674, 0, 0, 7.99%, 0, 14, 9, 2538.74, 2947171, 8432, 0, 0
1178, 22, 616, 674, 0, 0, 7.99%, 0, 14, 9, 2345.51, 2958637, 8432, 0, 0
1183, 22, 616, 674, 0, 0, 7.99%, 0, 14, 9, 3661.95, 2975292, 8432, 0, 0
1188, 22, 673, 674, 0, 0, 7.99%, 0, 14, 9, 2839.23, 2989153, 8432, 0, 0
1194, 22, 656, 674, 0, 0, 7.99%, 0, 14, 9, 2961.49, 3004893, 8432, 0, 0
1199, 22, 602, 674, 0, 0, 7.99%, 0, 14, 9, 2348.96, 3024847, 8432, 0, 0
1204, 22, 672, 674, 0, 0, 7.99%, 0, 14, 9, 93.28, 3027119, 8432, 0, 0
1209, 22, 672, 674, 0, 0, 7.99%, 0, 14, 9, 15.32, 3027460, 8432, 0, 0
1214, 22, 593, 674, 0, 0, 7.99%, 0, 14, 9, 3655.27, 3040492, 8432, 0, 0
1219, 22, 604, 674, 0, 0, 7.99%, 0, 14, 9, 3254.96, 3055402, 8432, 0, 0
1224, 22, 599, 674, 0, 0, 7.99%, 0, 14, 9, 2916.06, 3070287, 8432, 0, 0
1229, 22, 672, 674, 0, 0, 7.99%, 0, 14, 9, 2663.21, 3090882, 8432, 0, 0
1235, 22, 672, 674, 0, 0, 7.99%, 0, 14, 9, 2473.58, 3103670, 8432, 0, 0
1240, 23, 610, 674, 0, 0, 7.99%, 0, 14, 9, 3333.42, 3121200, 8432, 0, 0
1245, 23, 651, 674, 0, 0, 7.99%, 0, 14, 9, 3226.53, 3137532, 8432, 0, 0
1250, 23, 664, 675, 0, 0, 8.00%, 0, 14, 10, 2890.96, 3152519, 8438, 0, 0
1255, 23, 567, 676, 0, 0, 8.00%, 0, 14, 10, 557.29, 3165006, 8439, 0, 0
1260, 23, 675, 676, 0, 0, 8.00%, 0, 14, 10, 3374.55, 3184122, 8439, 0, 0
1265, 23, 659, 676, 0, 0, 8.00%, 0, 14, 10, 3657.21, 3202987, 8439, 0, 0
1270, 23, 664, 676, 0, 0, 8.00%, 0, 14, 10, 3514.85, 3221558, 8439, 0, 0
1275, 23, 675, 677, 1, 0, 8.00%, 0, 14, 10, 511.01, 3237706, 8440, 0, 0
1281, 23, 650, 677, 0, 0, 8.00%, 0, 15, 10, 917.13, 3241877, 8440, 0, 0
1286, 23, 674, 677, 0, 0, 8.00%, 0, 15, 10, 2817.74, 3257528, 8440, 0, 0
1291, 23, 674, 677, 0, 0, 8.00%, 0, 15, 10, 2786.52, 3275954, 8440, 0, 0
1296, 23, 628, 678, 0, 0, 8.00%, 0, 15, 10, 3080.36, 3292011, 8441, 0, 0
1301, 23, 555, 678, 0, 0, 8.00%, 0, 15, 10, 3439.02, 3309519, 8441, 0, 0
1306, 23, 667, 679, 0, 0, 8.01%, 0, 15, 10, 2173.12, 3317233, 8451, 0, 0
1311, 23, 664, 679, 0, 0, 8.01%, 0, 15, 10, 2105.17, 3328366, 8451, 0, 0
1316, 24, 657, 679, 0, 0, 8.01%, 0, 15, 10, 3039.90, 3345154, 8451, 0, 0
1321, 24, 659, 679, 0, 0, 8.01%, 0, 15, 10, 3045.85, 3367534, 8451, 0, 0
1326, 24, 668, 679, 0, 0, 8.01%, 0, 15, 10, 2866.63, 3382830, 8451, 0, 0
1331, 24, 674, 679, 0, 0, 8.01%, 0, 15, 10, 3931.27, 3398533, 8451, 0, 0
1337, 24, 674, 679, 0, 0, 8.01%, 0, 15, 10, 3684.34, 3416784, 8451, 0, 0
1338, 24, 651, 679, 0, 0, 8.01%, 0, 15, 10, 3851.25, 3422162, 8451, 0, 0
