# relative_time, cycles_done, cur_item, corpus_count, pending_total, pending_favs, map_size, saved_crashes, saved_hangs, max_depth, execs_per_sec, total_execs, edges_found
61, 0, 37, 277, 235, 18, 7.04%, 0, 0, 2, 135.83, 44629, 7423
67, 0, 37, 281, 239, 18, 7.04%, 0, 0, 2, 196.40, 45692, 7423
72, 0, 37, 281, 239, 18, 7.04%, 0, 0, 2, 261.70, 47076, 7423
77, 0, 105, 283, 241, 18, 7.04%, 0, 0, 2, 77.88, 50106, 7423
82, 0, 105, 283, 241, 18, 7.04%, 0, 0, 2, 736.67, 53745, 7423
87, 0, 105, 288, 246, 18, 7.04%, 0, 0, 2, 93.58, 55316, 7423
87, 0, 59, 289, 246, 17, 7.04%, 0, 0, 2, 0.00, 55918, 7423
92, 0, 52, 289, 245, 16, 7.04%, 0, 0, 2, 896.06, 61007, 7423
97, 0, 273, 290, 245, 15, 7.04%, 0, 0, 3, 883.06, 65652, 7423
102, 0, 273, 290, 245, 15, 7.04%, 0, 0, 3, 776.01, 69429, 7423
107, 0, 43, 290, 244, 14, 7.04%, 0, 0, 3, 781.18, 73255, 7423
112, 0, 142, 290, 243, 13, 7.04%, 0, 0, 3, 796.73, 77266, 7423
117, 0, 133, 290, 242, 11, 7.04%, 0, 0, 3, 845.53, 81482, 7423
122, 0, 63, 290, 241, 10, 7.04%, 0, 0, 3, 856.77, 87401, 7423
127, 0, 63, 290, 241, 10, 7.04%, 0, 0, 3, 743.80, 91030, 7423
133, 0, 47, 290, 240, 9, 7.04%, 0, 0, 3, 842.12, 95219, 7423
138, 0, 143, 290, 239, 8, 7.04%, 0, 0, 3, 863.68, 99744, 7423
143, 0, 111, 292, 240, 7, 7.04%, 0, 0, 3, 474.46, 102825, 7424
148, 0, 111, 292, 240, 7, 7.04%, 0, 0, 3, 549.46, 106074, 7424
153, 0, 132, 292, 239, 7, 7.04%, 0, 0, 3, 792.49, 111498, 7424
158, 0, 205, 292, 238, 6, 7.04%, 0, 0, 3, 903.21, 116375, 7424
163, 0, 62, 292, 237, 5, 7.04%, 0, 0, 3, 852.31, 120682, 7424
168, 0, 62, 292, 237, 5, 7.04%, 0, 0, 3, 673.92, 123901, 7424
174, 0, 140, 294, 238, 4, 7.04%, 0, 0, 3, 669.76, 127125, 7424
179, 0, 140, 294, 238, 4, 7.04%, 0, 0, 3, 587.20, 130080, 7424
178, 0, 140, 294, 238, 4, 7.04%, 0, 0, 3, 0.00, 130562, 7424
183, 0, 37, 294, 237, 3, 7.04%, 0, 0, 3, 883.63, 135010, 7424
189, 0, 37, 294, 237, 3, 7.04%, 0, 0, 3, 880.28, 139828, 7424
194, 0, 37, 294, 237, 3, 7.04%, 0, 0, 3, 909.85, 143934, 7424
199, 0, 37, 296, 239, 3, 7.04%, 0, 0, 3, 670.38, 146689, 7424
204, 0, 37, 296, 239, 3, 7.04%, 0, 0, 3, 533.52, 149450, 7424
209, 0, 291, 296, 239, 3, 7.04%, 0, 0, 3, 604.80, 153130, 7424
209, 0, 291, 296, 239, 3, 7.04%, 0, 0, 3, 0.00, 153683, 7424
214, 0, 144, 297, 239, 2, 7.04%, 0, 0, 3, 654.69, 157007, 7424
219, 0, 144, 297, 239, 2, 7.04%, 0, 0, 3, 782.63, 161077, 7424
224, 0, 37, 297, 238, 1, 7.04%, 0, 0, 3, 924.85, 165700, 7424
229, 0, 37, 297, 238, 1, 7.04%, 0, 0, 3, 1006.73, 170934, 7424
234, 0, 37, 297, 238, 1, 7.04%, 0, 0, 3, 763.37, 173850, 7424
239, 0, 37, 297, 238, 1, 7.04%, 0, 0, 3, 149.62, 175404, 7424
239, 0, 218, 297, 238, 1, 7.04%, 0, 0, 3, 0.00, 175823, 7424
244, 0, 218, 297, 238, 1, 7.04%, 0, 0, 3, 229.67, 177037, 7424
249, 0, 218, 298, 239, 1, 7.04%, 0, 0, 3, 388.19, 178916, 7424
255, 0, 154, 298, 238, 1, 7.04%, 0, 0, 3, 581.99, 181881, 7424
260, 0, 151, 299, 238, 1, 7.04%, 0, 0, 3, 548.32, 184637, 7424
265, 0, 151, 299, 238, 1, 7.04%, 0, 0, 3, 585.36, 187623, 7424
270, 0, 44, 299, 237, 1, 7.04%, 0, 0, 3, 493.14, 189123, 7424
275, 0, 294, 299, 236, 1, 7.04%, 0, 0, 3, 112.55, 194711, 7424
280, 0, 294, 299, 236, 1, 7.04%, 0, 0, 3, 95.37, 195179, 7424
285, 0, 294, 299, 236, 1, 7.04%, 0, 0, 3, 94.11, 195692, 7424
290, 0, 294, 299, 236, 1, 7.04%, 0, 0, 3, 116.75, 196163, 7424
295, 0, 37, 300, 236, 0, 7.04%, 0, 0, 3, 327.62, 200241, 7424
300, 0, 37, 300, 236, 0, 7.04%, 0, 0, 3, 490.69, 203443, 7424
305, 0, 37, 300, 236, 0, 7.04%, 0, 0, 3, 535.44, 207328, 7424
310, 0, 37, 300, 236, 0, 7.04%, 0, 0, 3, 876.11, 211718, 7424
315, 0, 37, 300, 236, 0, 7.04%, 0, 0, 3, 901.52, 216237, 7424
320, 0, 37, 300, 236, 0, 7.04%, 0, 0, 3, 1013.85, 221515, 7424
326, 0, 37, 300, 236, 0, 7.04%, 0, 0, 3, 437.92, 223099, 7424
331, 0, 37, 300, 236, 0, 7.04%, 0, 0, 3, 69.08, 224814, 7424
336, 0, 37, 300, 236, 0, 7.04%, 0, 0, 3, 74.71, 225338, 7424
341, 0, 37, 300, 236, 0, 7.04%, 0, 0, 3, 87.90, 225760, 7424
346, 0, 37, 300, 236, 0, 7.04%, 0, 0, 3, 484.65, 228151, 7424
351, 0, 37, 300, 236, 0, 7.04%, 0, 0, 3, 790.85, 232002, 7424
356, 0, 122, 300, 236, 0, 7.04%, 0, 0, 3, 285.18, 234981, 7424
361, 0, 122, 300, 236, 0, 7.04%, 0, 0, 3, 668.74, 238538, 7424
366, 0, 122, 300, 236, 0, 7.04%, 0, 0, 3, 713.28, 243725, 7424
371, 0, 122, 300, 236, 0, 7.04%, 0, 0, 3, 738.46, 247357, 7424
376, 0, 122, 301, 237, 0, 7.04%, 0, 0, 3, 581.23, 250284, 7424
382, 0, 47, 301, 237, 0, 7.04%, 0, 0, 3, 404.54, 252344, 7424
387, 0, 47, 301, 237, 0, 7.04%, 0, 0, 3, 884.65, 257495, 7424
392, 0, 47, 301, 237, 0, 7.04%, 0, 0, 3, 972.35, 262596, 7424
391, 0, 47, 301, 237, 0, 7.04%, 0, 0, 3, 0.00, 264025, 7424
397, 0, 47, 301, 237, 0, 7.04%, 0, 0, 3, 952.43, 268673, 7424
402, 0, 122, 301, 237, 0, 7.04%, 0, 0, 3, 724.90, 272445, 7424
404, 0, 122, 301, 237, 0, 7.04%, 0, 0, 3, 815.23, 274198, 7424
