# relative_time, cycles_done, cur_item, corpus_count, pending_total, pending_favs, map_size, saved_crashes, saved_hangs, max_depth, execs_per_sec, total_execs, edges_found
61, 0, 540, 547, 4, 0, 2.30%, 0, 1, 4, 2733.95, 125764, 2431
66, 0, 545, 547, 3, 0, 2.30%, 0, 1, 4, 2690.11, 139509, 2431
71, 0, 538, 547, 3, 0, 2.30%, 0, 1, 4, 2595.83, 152352, 2431
76, 0, 548, 550, 4, 1, 5.46%, 0, 1, 4, 1335.89, 160621, 5758
82, 0, 544, 551, 4, 0, 5.46%, 0, 1, 4, 2352.21, 170387, 5758
87, 0, 13, 552, 4, 0, 5.46%, 0, 1, 4, 2619.74, 181586, 5758
92, 0, 553, 556, 7, 1, 6.76%, 0, 1, 4, 401.27, 192581, 7130
97, 0, 553, 556, 7, 1, 6.76%, 0, 1, 4, 32.44, 192746, 7130
102, 0, 553, 556, 7, 1, 6.76%, 0, 1, 4, 31.25, 192907, 7130
107, 0, 553, 556, 7, 1, 6.76%, 0, 1, 4, 31.10, 193066, 7130
112, 0, 546, 556, 6, 0, 6.76%, 0, 1, 4, 2062.09, 198217, 7130
117, 0, 544, 557, 6, 0, 6.76%, 0, 1, 4, 1884.14, 205795, 7132
123, 0, 552, 557, 5, 0, 6.76%, 0, 1, 4, 1733.22, 215228, 7132
128, 0, 552, 557, 5, 0, 6.76%, 0, 1, 4, 1363.32, 221842, 7132
133, 0, 547, 560, 8, 0, 6.76%, 0, 1, 4, 1232.61, 228231, 7134
138, 0, 559, 561, 9, 1, 6.78%, 0, 1, 4, 225.96, 229376, 7150
143, 0, 552, 562, 9, 0, 6.78%, 0, 1, 4, 2720.86, 233181, 7150
148, 0, 554, 562, 9, 0, 6.78%, 0, 1, 4, 1845.83, 241393, 7150
153, 0, 559, 563, 9, 0, 6.78%, 0, 1, 4, 3028.02, 248328, 7150
152, 0, 559, 563, 9, 0, 6.78%, 0, 1, 4, 0.00, 248378, 7150
158, 0, 545, 563, 9, 0, 6.78%, 0, 1, 4, 1749.06, 251928, 7150
163, 0, 535, 565, 9, 0, 6.78%, 0, 1, 5, 1814.91, 260751, 7153
168, 0, 562, 566, 9, 0, 6.79%, 0, 1, 5, 1616.00, 269265, 7161
173, 0, 536, 566, 9, 0, 6.79%, 0, 1, 5, 27.20, 275358, 7161
178, 0, 539, 567, 10, 0, 6.79%, 0, 1, 5, 24.46, 279450, 7161
183, 0, 552, 567, 10, 0, 6.79%, 0, 1, 5, 1638.99, 285580, 7161
188, 0, 553, 568, 10, 0, 6.79%, 0, 1, 5, 1185.00, 290809, 7162
193, 0, 553, 568, 10, 0, 6.79%, 0, 1, 5, 2940.00, 293286, 7162
198, 0, 551, 568, 9, 0, 6.79%, 0, 1, 5, 2465.62, 304381, 7162
203, 0, 547, 568, 9, 0, 6.79%, 0, 1, 5, 1764.97, 313201, 7162
208, 0, 546, 568, 9, 0, 6.79%, 0, 1, 5, 2237.44, 324779, 7162
214, 0, 563, 568, 9, 0, 6.79%, 0, 1, 5, 2202.12, 335452, 7162
219, 0, 551, 568, 9, 0, 6.79%, 0, 2, 5, 3015.00, 338502, 7162
224, 0, 535, 568, 9, 0, 6.79%, 0, 2, 5, 2679.35, 351542, 7162
229, 0, 547, 569, 10, 0, 6.79%, 0, 2, 5, 1207.92, 353106, 7162
234, 0, 556, 569, 10, 0, 6.79%, 0, 2, 5, 2249.72, 359068, 7162
239, 0, 560, 570, 10, 0, 6.79%, 0, 2, 5, 2444.99, 367645, 7162
244, 0, 552, 570, 9, 0, 6.79%, 0, 2, 5, 1749.07, 375315, 7162
249, 0, 545, 571, 9, 0, 6.79%, 0, 2, 5, 2695.28, 381132, 7162
254, 0, 553, 572, 10, 0, 6.79%, 0, 2, 5, 3053.63, 387213, 7162
260, 0, 572, 575, 13, 1, 7.08%, 0, 3, 5, 731.20, 388814, 7469
265, 0, 546, 577, 13, 0, 7.10%, 0, 3, 5, 1154.30, 395125, 7489
270, 0, 577, 578, 14, 1, 7.10%, 0, 3, 5, 587.56, 401444, 7490
275, 0, 552, 578, 13, 0, 7.10%, 0, 3, 5, 1870.13, 408446, 7490
280, 0, 571, 578, 13, 0, 7.10%, 0, 3, 5, 33.26, 411333, 7490
285, 0, 577, 578, 12, 0, 7.10%, 0, 3, 5, 1299.11, 417680, 7490
290, 0, 568, 578, 12, 0, 7.10%, 0, 3, 5, 1850.58, 426069, 7490
295, 0, 574, 578, 11, 0, 7.10%, 0, 3, 5, 30.87, 429452, 7490
301, 0, 562, 578, 10, 0, 7.10%, 0, 3, 5, 309.00, 437486, 7490
306, 0, 561, 579, 11, 0, 7.10%, 0, 3, 5, 226.41, 439349, 7490
311, 0, 547, 579, 9, 0, 7.10%, 0, 3, 5, 2580.00, 447103, 7490
316, 0, 565, 579, 9, 0, 7.10%, 0, 3, 5, 2948.84, 456149, 7490
321, 0, 551, 579, 9, 0, 7.10%, 0, 3, 5, 2141.57, 465546, 7490
327, 0, 561, 580, 9, 0, 7.10%, 0, 3, 5, 28.36, 474671, 7491
332, 0, 580, 581, 10, 1, 7.10%, 0, 3, 5, 592.77, 476686, 7497
337, 0, 555, 581, 9, 0, 7.10%, 0, 3, 5, 1416.77, 479802, 7497
343, 0, 581, 582, 10, 1, 7.11%, 0, 3, 5, 1452.25, 491845, 7498
348, 0, 562, 582, 9, 0, 7.11%, 0, 3, 5, 1566.46, 500607, 7498
353, 0, 569, 582, 9, 0, 7.11%, 0, 3, 5, 14.09, 506907, 7498
358, 0, 570, 583, 10, 0, 7.11%, 0, 3, 5, 1720.00, 508794, 7504
363, 0, 582, 584, 11, 1, 7.11%, 0, 3, 5, 3379.00, 511763, 7504
368, 0, 580, 585, 11, 0, 7.11%, 0, 3, 5, 3000.88, 526206, 7504
373, 0, 542, 585, 11, 0, 7.11%, 0, 3, 5, 2265.00, 536663, 7504
379, 0, 552, 585, 11, 0, 7.11%, 0, 3, 5, 2029.53, 546802, 7504
385, 0, 580, 585, 11, 0, 7.11%, 0, 3, 5, 181.30, 553334, 7504
390, 0, 553, 586, 12, 0, 7.11%, 0, 3, 5, 76.35, 555450, 7504
395, 0, 587, 588, 13, 1, 7.12%, 0, 3, 5, 1879.24, 565106, 7509
400, 0, 553, 589, 13, 0, 7.12%, 0, 3, 5, 3034.93, 571354, 7509
405, 0, 569, 589, 13, 0, 7.12%, 0, 3, 5, 273.59, 584687, 7509
410, 0, 569, 589, 13, 0, 7.12%, 0, 3, 5, 42.51, 586885, 7509
415, 0, 37, 589, 13, 0, 7.12%, 0, 4, 5, 4475.00, 590901, 7509
421, 0, 580, 590, 13, 0, 7.12%, 0, 4, 5, 2631.39, 601027, 7509
426, 0, 582, 590, 12, 0, 7.12%, 0, 4, 5, 1591.11, 608043, 7509
433, 0, 546, 590, 12, 0, 7.12%, 0, 5, 5, 9.93, 616123, 7509
431, 0, 574, 590, 12, 0, 7.12%, 0, 5, 5, 0.00, 616409, 7509
436, 0, 552, 590, 12, 0, 7.12%, 0, 5, 5, 3662.30, 622286, 7509
442, 0, 581, 591, 12, 0, 7.12%, 0, 5, 5, 2565.19, 633992, 7510
447, 0, 587, 592, 13, 0, 7.12%, 0, 5, 5, 2551.64, 646099, 7510
452, 0, 592, 593, 13, 1, 7.12%, 0, 6, 5, 3817.25, 657396, 7510
457, 0, 553, 593, 12, 0, 7.12%, 0, 6, 5, 401.53, 668166, 7510
462, 0, 579, 593, 12, 0, 7.12%, 0, 6, 5, 2241.54, 681415, 7510
467, 0, 586, 593, 12, 0, 7.12%, 0, 6, 5, 98.61, 698384, 7510
472, 0, 581, 594, 12, 0, 7.12%, 0, 6, 5, 3184.64, 714092, 7511
477, 0, 574, 595, 12, 0, 7.12%, 0, 6, 5, 3206.38, 729658, 7518
482, 0, 594, 595, 12, 0, 7.12%, 0, 6, 5, 3840.36, 739065, 7518
487, 0, 584, 595, 12, 0, 7.12%, 0, 6, 5, 2975.86, 752162, 7518
493, 0, 576, 595, 12, 0, 7.12%, 0, 6, 5, 893.29, 761796, 7518
498, 0, 596, 598, 13, 1, 7.14%, 0, 6, 5, 3229.45, 777053, 7538
503, 0, 582, 598, 12, 0, 7.14%, 0, 6, 5, 126.30, 786604, 7538
508, 0, 553, 599, 13, 0, 7.14%, 0, 6, 6, 276.72, 788655, 7538
513, 0, 547, 599, 13, 0, 7.14%, 0, 6, 6, 3294.81, 799266, 7538
519, 0, 553, 601, 14, 0, 7.14%, 0, 6, 6, 43.26, 808789, 7538
524, 0, 571, 602, 15, 0, 7.14%, 0, 6, 6, 134.48, 810985, 7538
524, 0, 571, 602, 15, 0, 7.14%, 0, 6, 6, 0.00, 811049, 7538
529, 0, 571, 602, 15, 0, 7.14%, 0, 7, 6, 2.24, 812205, 7538
534, 0, 576, 603, 15, 0, 7.14%, 0, 7, 6, 222.50, 816780, 7538
540, 0, 569, 603, 15, 0, 7.14%, 0, 7, 6, 3278.85, 825247, 7538
545, 0, 601, 603, 15, 0, 7.14%, 0, 7, 6, 2064.24, 834222, 7538
550, 0, 569, 603, 14, 0, 7.14%, 0, 7, 6, 3526.72, 843639, 7538
556, 0, 553, 603, 14, 0, 7.14%, 0, 7, 6, 2743.29, 852503, 7538
555, 0, 584, 603, 14, 0, 7.14%, 0, 7, 6, 0.00, 854563, 7538
560, 0, 587, 603, 14, 0, 7.14%, 0, 7, 6, 3359.82, 871477, 7538
565, 0, 581, 603, 14, 0, 7.14%, 0, 7, 6, 2614.68, 883284, 7538
570, 0, 550, 603, 13, 0, 7.14%, 0, 7, 6, 2000.47, 892473, 7538
575, 0, 553, 604, 13, 0, 7.14%, 0, 7, 6, 2388.65, 905481, 7538
580, 0, 545, 604, 13, 0, 7.14%, 0, 7, 6, 3103.52, 921474, 7538
586, 0, 584, 604, 13, 0, 7.14%, 0, 7, 6, 2557.07, 933770, 7538
591, 0, 553, 604, 13, 0, 7.14%, 0, 7, 6, 42.15, 940674, 7538
596, 0, 551, 604, 13, 0, 7.14%, 0, 7, 6, 2411.91, 947533, 7538
601, 0, 552, 604, 13, 0, 7.14%, 0, 7, 6, 2721.57, 963166, 7538
606, 0, 541, 604, 13, 0, 7.14%, 0, 7, 6, 2899.24, 977571, 7538
611, 0, 602, 605, 14, 0, 7.14%, 0, 7, 7, 322.39, 987261, 7538
616, 0, 602, 605, 14, 0, 7.14%, 0, 7, 7, 36.68, 990776, 7538
621, 0, 602, 605, 14, 0, 7.14%, 0, 7, 7, 3843.44, 992192, 7538
627, 0, 553, 605, 14, 0, 7.14%, 0, 7, 7, 36.04, 1003993, 7538
632, 0, 594, 605, 14, 0, 7.14%, 0, 7, 7, 2851.66, 1012283, 7538
637, 0, 584, 605, 14, 0, 7.14%, 0, 7, 7, 2600.89, 1024583, 7538
642, 0, 553, 605, 14, 0, 7.14%, 0, 7, 7, 2566.53, 1038257, 7538
647, 0, 546, 605, 14, 0, 7.14%, 0, 7, 7, 2790.08, 1052896, 7538
652, 0, 540, 605, 14, 0, 7.14%, 0, 7, 7, 48.38, 1063229, 7538
657, 0, 554, 605, 14, 0, 7.14%, 0, 7, 7, 3346.61, 1080300, 7538
662, 0, 602, 605, 12, 0, 7.14%, 0, 7, 7, 4025.87, 1102848, 7538
667, 0, 605, 606, 13, 1, 7.15%, 0, 7, 7, 359.40, 1107623, 7540
673, 0, 602, 606, 12, 0, 7.15%, 0, 7, 7, 4360.17, 1110850, 7540
678, 0, 596, 606, 12, 0, 7.15%, 0, 7, 7, 3838.99, 1128068, 7540
683, 0, 554, 606, 12, 0, 7.15%, 0, 7, 7, 2657.54, 1147826, 7540
688, 0, 579, 606, 12, 0, 7.15%, 0, 7, 7, 2654.54, 1161009, 7540
693, 0, 604, 607, 13, 0, 7.15%, 0, 7, 8, 233.82, 1167838, 7540
698, 0, 602, 608, 13, 0, 7.15%, 0, 7, 8, 282.55, 1170992, 7540
704, 0, 606, 608, 13, 0, 7.15%, 0, 7, 8, 34.81, 1177324, 7540
709, 0, 606, 608, 13, 0, 7.15%, 0, 7, 8, 37.60, 1177514, 7540
714, 0, 606, 608, 13, 0, 7.15%, 0, 7, 8, 35.03, 1177752, 7540
719, 0, 606, 608, 13, 0, 7.15%, 0, 7, 8, 34.85, 1177930, 7540
724, 0, 606, 609, 14, 0, 7.15%, 0, 7, 9, 1804.64, 1179318, 7540
729, 0, 606, 609, 14, 0, 7.15%, 0, 7, 9, 24.06, 1180181, 7540
734, 0, 554, 609, 13, 0, 7.15%, 0, 7, 9, 2000.00, 1181622, 7540
739, 0, 580, 609, 13, 0, 7.15%, 0, 7, 9, 136.99, 1186226, 7540
744, 0, 551, 610, 14, 0, 7.15%, 0, 7, 9, 1626.40, 1195360, 7540
749, 0, 564, 610, 14, 0, 7.15%, 0, 7, 9, 33.80, 1202323, 7540
754, 0, 554, 611, 14, 0, 7.15%, 0, 7, 9, 2046.28, 1211094, 7541
759, 0, 553, 611, 14, 0, 7.15%, 0, 7, 9, 28.39, 1212500, 7541
764, 0, 575, 611, 14, 0, 7.15%, 0, 7, 9, 1181.25, 1218344, 7541
770, 0, 552, 612, 15, 0, 7.15%, 0, 7, 9, 510.06, 1220151, 7541
775, 0, 553, 613, 16, 0, 7.15%, 0, 7, 9, 2264.16, 1228535, 7541
780, 0, 553, 613, 16, 0, 7.15%, 0, 7, 9, 26.88, 1229582, 7541
785, 0, 607, 613, 16, 0, 7.15%, 0, 7, 9, 180.45, 1231336, 7541
790, 0, 605, 614, 16, 0, 7.15%, 0, 7, 9, 273.89, 1234291, 7541
795, 0, 605, 614, 16, 0, 7.15%, 0, 7, 9, 2048.13, 1242844, 7541
800, 0, 574, 614, 15, 0, 7.15%, 0, 7, 9, 2638.13, 1248706, 7541
806, 0, 587, 614, 15, 0, 7.15%, 0, 7, 9, 70.66, 1264724, 7541
811, 0, 589, 614, 15, 0, 7.15%, 0, 7, 9, 1679.28, 1273716, 7541
816, 0, 585, 614, 15, 0, 7.15%, 0, 7, 9, 409.19, 1282555, 7541
821, 0, 564, 615, 14, 0, 7.15%, 0, 7, 9, 2284.74, 1289940, 7541
827, 0, 553, 615, 14, 0, 7.15%, 0, 7, 9, 3052.85, 1298799, 7541
832, 0, 553, 615, 14, 0, 7.15%, 0, 7, 9, 241.07, 1305460, 7541
837, 0, 579, 615, 14, 0, 7.15%, 0, 7, 9, 3467.96, 1309026, 7541
842, 0, 552, 615, 14, 0, 7.15%, 0, 7, 9, 2900.32, 1316753, 7541
847, 0, 596, 616, 14, 0, 7.15%, 0, 7, 9, 2139.91, 1324761, 7542
852, 0, 602, 616, 14, 0, 7.15%, 0, 7, 9, 1996.66, 1336011, 7542
857, 0, 586, 616, 14, 0, 7.15%, 0, 7, 9, 2659.31, 1338024, 7542
863, 0, 602, 616, 14, 0, 7.15%, 0, 7, 9, 2392.79, 1345128, 7542
868, 0, 616, 617, 15, 1, 7.15%, 0, 7, 9, 247.70, 1347836, 7545
873, 0, 616, 617, 15, 1, 7.15%, 0, 7, 9, 240.88, 1349027, 7545
878, 0, 610, 618, 14, 0, 7.15%, 0, 7, 9, 1691.44, 1354482, 7545
883, 0, 586, 618, 14, 0, 7.15%, 0, 7, 9, 1980.93, 1364853, 7545
888, 0, 596, 618, 14, 0, 7.15%, 0, 7, 9, 2080.16, 1375257, 7545
893, 0, 618, 619, 15, 1, 7.15%, 0, 7, 9, 1608.64, 1382592, 7545
898, 0, 595, 619, 14, 0, 7.15%, 0, 7, 9, 3880.60, 1390335, 7545
903, 0, 610, 619, 14, 0, 7.15%, 0, 7, 9, 37.18, 1395560, 7545
909, 0, 618, 619, 14, 0, 7.15%, 0, 7, 9, 509.70, 1399649, 7545
914, 0, 618, 619, 14, 0, 7.15%, 0, 8, 9, 5.13, 1400701, 7545
919, 0, 619, 620, 15, 1, 7.15%, 0, 8, 9, 529.57, 1402789, 7545
924, 0, 587, 620, 14, 0, 7.15%, 0, 8, 9, 2428.12, 1415833, 7545
929, 0, 610, 620, 13, 0, 7.15%, 0, 8, 9, 42.11, 1428917, 7545
934, 0, 564, 620, 13, 0, 7.15%, 0, 8, 9, 2866.23, 1443268, 7545
939, 0, 587, 621, 14, 0, 7.15%, 0, 8, 9, 35.94, 1449026, 7545
945, 0, 587, 621, 14, 0, 7.15%, 0, 8, 9, 99.24, 1456137, 7545
950, 0, 593, 621, 14, 0, 7.15%, 0, 8, 9, 2076.04, 1463460, 7545
955, 0, 619, 621, 14, 0, 7.15%, 0, 8, 9, 2358.09, 1476286, 7545
954, 0, 619, 621, 14, 0, 7.15%, 0, 8, 9, 0.00, 1477838, 7545
960, 1, 621, 622, 15, 1, 7.15%, 0, 8, 9, 3920.00, 1483123, 7545
965, 1, 573, 622, 14, 0, 7.15%, 0, 8, 9, 38.42, 1488451, 7545
970, 1, 573, 622, 14, 0, 7.15%, 0, 8, 9, 40.62, 1488661, 7545
975, 1, 573, 622, 14, 0, 7.15%, 0, 8, 9, 34.56, 1488837, 7545
980, 1, 573, 622, 14, 0, 7.15%, 0, 8, 9, 35.02, 1489015, 7545
985, 1, 573, 622, 14, 0, 7.15%, 0, 8, 9, 35.18, 1489194, 7545
985, 1, 573, 622, 14, 0, 7.15%, 0, 8, 9, 0.00, 1489248, 7545
990, 1, 573, 622, 14, 0, 7.15%, 0, 8, 9, 227.01, 1489625, 7545
995, 1, 573, 622, 14, 0, 7.15%, 0, 8, 9, 38.58, 1490489, 7545
1000, 1, 598, 622, 13, 0, 7.15%, 0, 8, 9, 285.43, 1497774, 7545
1006, 1, 598, 622, 13, 0, 7.15%, 0, 8, 9, 260.70, 1499064, 7545
1011, 1, 621, 622, 12, 0, 7.15%, 0, 8, 9, 1887.78, 1505499, 7545
1016, 1, 577, 622, 12, 0, 7.15%, 0, 8, 9, 132.48, 1510607, 7545
1021, 1, 564, 622, 11, 0, 7.15%, 0, 8, 9, 34.80, 1515756, 7545
1026, 1, 621, 622, 10, 0, 7.15%, 0, 8, 9, 2749.29, 1522728, 7545
1031, 1, 604, 622, 10, 0, 7.15%, 0, 8, 9, 2469.49, 1533662, 7545
1036, 1, 613, 622, 10, 0, 7.15%, 0, 8, 9, 233.93, 1537790, 7545
1041, 1, 613, 622, 10, 0, 7.15%, 0, 8, 9, 36.01, 1539031, 7545
1046, 1, 580, 622, 9, 0, 7.15%, 0, 8, 9, 1330.86, 1547479, 7545
1051, 1, 564, 622, 9, 0, 7.15%, 0, 8, 9, 38.62, 1561131, 7545
1056, 1, 580, 622, 9, 0, 7.15%, 0, 8, 9, 169.12, 1566206, 7545
1062, 1, 574, 622, 8, 0, 7.15%, 0, 8, 9, 376.10, 1577264, 7545
1067, 1, 552, 622, 8, 0, 7.15%, 0, 8, 9, 2792.50, 1583396, 7545
1072, 1, 617, 623, 9, 0, 7.15%, 0, 8, 9, 2192.27, 1593166, 7545
1077, 1, 622, 623, 8, 0, 7.15%, 0, 8, 9, 2031.60, 1603048, 7545
1077, 1, 622, 623, 8, 0, 7.15%, 0, 8, 9, 0.00, 1605246, 7545
1083, 1, 605, 623, 8, 0, 7.15%, 0, 8, 9, 223.40, 1615398, 7545
1088, 1, 586, 623, 8, 0, 7.15%, 0, 8, 9, 37.79, 1619543, 7545
1093, 1, 551, 623, 8, 0, 7.15%, 0, 8, 9, 2296.88, 1628548, 7545
1098, 1, 619, 624, 9, 0, 7.15%, 0, 8, 10, 809.28, 1630946, 7545
1099, 1, 619, 624, 9, 0, 7.15%, 0, 8, 10, 688.51, 1631193, 7545
